 1.00000000e+01 2.50221439e-39
 1.00230600e+01 2.45653746e-39
 1.00461730e+01 2.41169437e-39
 1.00693400e+01 2.36766986e-39
 1.00925600e+01 2.32444921e-39
 1.01158330e+01 2.28201761e-39
 1.01391610e+01 2.24036063e-39
 1.01625420e+01 2.19946424e-39
 1.01859760e+01 2.15931443e-39
 1.02094650e+01 2.11989753e-39
 1.02330080e+01 2.08120037e-39
 1.02566060e+01 2.04320959e-39
 1.02802580e+01 2.00591245e-39
 1.03039640e+01 1.96929621e-39
 1.03277250e+01 1.93334841e-39
 1.03515410e+01 1.89805691e-39
 1.03754120e+01 1.86340966e-39
 1.03993370e+01 1.82939497e-39
 1.04233180e+01 1.79600134e-39
 1.04473550e+01 1.76321721e-39
 1.04714460e+01 1.73103169e-39
 1.04955940e+01 1.69943376e-39
 1.05197960e+01 1.66841263e-39
 1.05440550e+01 1.63795785e-39
 1.05683700e+01 1.60805908e-39
 1.05927410e+01 1.57870612e-39
 1.06171680e+01 1.54988903e-39
 1.06416510e+01 1.52159801e-39
 1.06661910e+01 1.49382350e-39
 1.06907870e+01 1.46655604e-39
 1.07154400e+01 1.43978637e-39
 1.07401500e+01 1.41350538e-39
 1.07649170e+01 1.38770420e-39
 1.07897410e+01 1.36237401e-39
 1.08146220e+01 1.33750628e-39
 1.08395600e+01 1.31309256e-39
 1.08645570e+01 1.28912450e-39
 1.08896100e+01 1.26559393e-39
 1.09147220e+01 1.24249299e-39
 1.09398910e+01 1.21981381e-39
 1.09651190e+01 1.19754859e-39
 1.09904040e+01 1.17568985e-39
 1.10157480e+01 1.15423016e-39
 1.10411510e+01 1.13316229e-39
 1.10666120e+01 1.11247898e-39
 1.10921310e+01 1.09217321e-39
 1.11177100e+01 1.07223817e-39
 1.11433470e+01 1.05266706e-39
 1.11690440e+01 1.03345321e-39
 1.11948000e+01 1.01459017e-39
 1.12206150e+01 9.96071409e-40
 1.12464900e+01 9.77890764e-40
 1.12724250e+01 9.60041967e-40
 1.12984190e+01 9.42519042e-40
 1.13244730e+01 9.25316048e-40
 1.13505870e+01 9.08427014e-40
 1.13767620e+01 8.91846312e-40
 1.14029970e+01 8.75568337e-40
 1.14292920e+01 8.59587518e-40
 1.14556480e+01 8.43898375e-40
 1.14820650e+01 8.28495687e-40
 1.15085430e+01 8.13374144e-40
 1.15350820e+01 7.98528693e-40
 1.15616820e+01 7.83954193e-40
 1.15883430e+01 7.69645751e-40
 1.16150660e+01 7.55598555e-40
 1.16418500e+01 7.41807758e-40
 1.16686960e+01 7.28268699e-40
 1.16956050e+01 7.14976848e-40
 1.17225750e+01 7.01927585e-40
 1.17496070e+01 6.89116576e-40
 1.17767020e+01 6.76539400e-40
 1.18038590e+01 6.64191809e-40
 1.18310790e+01 6.52069625e-40
 1.18583610e+01 6.40168736e-40
 1.18857070e+01 6.28485095e-40
 1.19131150e+01 6.17014720e-40
 1.19405870e+01 6.05753744e-40
 1.19681220e+01 5.94698310e-40
 1.19957210e+01 5.83844722e-40
 1.20233830e+01 5.73189245e-40
 1.20511090e+01 5.62728302e-40
 1.20788990e+01 5.52458277e-40
 1.21067530e+01 5.42375751e-40
 1.21346710e+01 5.32477270e-40
 1.21626540e+01 5.22759432e-40
 1.21907010e+01 5.13219030e-40
 1.22188130e+01 5.03852815e-40
 1.22469890e+01 4.94657499e-40
 1.22752310e+01 4.85630074e-40
 1.23035380e+01 4.76767443e-40
 1.23319100e+01 4.68066561e-40
 1.23603470e+01 4.59524561e-40
 1.23888500e+01 4.51138450e-40
 1.24174190e+01 4.42905410e-40
 1.24460540e+01 4.34822669e-40
 1.24747550e+01 4.26887458e-40
 1.25035210e+01 4.19097093e-40
 1.25323550e+01 4.11448932e-40
 1.25612540e+01 4.03940377e-40
 1.25902210e+01 3.96568909e-40
 1.26192540e+01 3.89331974e-40
 1.26483540e+01 3.82227133e-40
 1.26775210e+01 3.75251990e-40
 1.27067560e+01 3.68404185e-40
 1.27360580e+01 3.61681357e-40
 1.27654270e+01 3.55081261e-40
 1.27948640e+01 3.48601611e-40
 1.28243690e+01 3.42240232e-40
 1.28539420e+01 3.35995022e-40
 1.28835840e+01 3.29863765e-40
 1.29132930e+01 3.23844427e-40
 1.29430710e+01 3.17934968e-40
 1.29729180e+01 3.12133348e-40
 1.30028340e+01 3.06437664e-40
 1.30328180e+01 3.00845938e-40
 1.30628720e+01 2.95356259e-40
 1.30929950e+01 2.89966781e-40
 1.31231880e+01 2.84675688e-40
 1.31534500e+01 2.79481192e-40
 1.31837820e+01 2.74381501e-40
 1.32141840e+01 2.69374883e-40
 1.32446560e+01 2.64459637e-40
 1.32751980e+01 2.59634119e-40
 1.33058110e+01 2.54896679e-40
 1.33364940e+01 2.50245728e-40
 1.33672480e+01 2.45679637e-40
 1.33980730e+01 2.41196896e-40
 1.34289690e+01 2.36795991e-40
 1.34599370e+01 2.32475400e-40
 1.34909750e+01 2.28233686e-40
 1.35220860e+01 2.24069374e-40
 1.35532680e+01 2.19981105e-40
 1.35845220e+01 2.15967419e-40
 1.36158480e+01 2.12027002e-40
 1.36472460e+01 2.08158498e-40
 1.36787160e+01 2.04360605e-40
 1.37102600e+01 2.00632040e-40
 1.37418760e+01 1.96971541e-40
 1.37735650e+01 1.93377837e-40
 1.38053260e+01 1.89849735e-40
 1.38371620e+01 1.86386005e-40
 1.38690700e+01 1.82985519e-40
 1.39010520e+01 1.79647084e-40
 1.39331080e+01 1.76369582e-40
 1.39652380e+01 1.73151886e-40
 1.39974420e+01 1.69992938e-40
 1.40297200e+01 1.66891647e-40
 1.40620730e+01 1.63846963e-40
 1.40945000e+01 1.60857829e-40
 1.41270020e+01 1.57923281e-40
 1.41595790e+01 1.55042268e-40
 1.41922310e+01 1.52213832e-40
 1.42249590e+01 1.49437031e-40
 1.42577620e+01 1.46710912e-40
 1.42906400e+01 1.44034562e-40
 1.43235940e+01 1.41407035e-40
 1.43566250e+01 1.38827471e-40
 1.43897310e+01 1.36295001e-40
 1.44229140e+01 1.33808745e-40
 1.44561730e+01 1.31367862e-40
 1.44895100e+01 1.28971523e-40
 1.45229220e+01 1.26618914e-40
 1.45564120e+01 1.24309254e-40
 1.45899800e+01 1.22041755e-40
 1.46236240e+01 1.19815638e-40
 1.46573460e+01 1.17630141e-40
 1.46911460e+01 1.15484554e-40
 1.47250240e+01 1.13378115e-40
 1.47589800e+01 1.11310117e-40
 1.47930150e+01 1.09279865e-40
 1.48271270e+01 1.07286672e-40
 1.48613190e+01 1.05329867e-40
 1.48955890e+01 1.03408764e-40
 1.49299390e+01 1.01522733e-40
 1.49643670e+01 9.96711189e-41
 1.49988750e+01 9.78533061e-41
 1.50334630e+01 9.60686750e-41
 1.50681300e+01 9.43166197e-41
 1.51028770e+01 9.25965439e-41
 1.51377040e+01 9.09078687e-41
 1.51726120e+01 8.92500186e-41
 1.52076000e+01 8.76224312e-41
 1.52426690e+01 8.60245584e-41
 1.52778190e+01 8.44558555e-41
 1.53130500e+01 8.29157921e-41
 1.53483620e+01 8.14038479e-41
 1.53837550e+01 7.99195091e-41
 1.54192300e+01 7.84622755e-41
 1.54547870e+01 7.70316530e-41
 1.54904260e+01 7.56271573e-41
 1.55261470e+01 7.42483151e-41
 1.55619500e+01 7.28946589e-41
 1.55978360e+01 7.15657340e-41
 1.56338050e+01 7.02610924e-41
 1.56698570e+01 6.89802937e-41
 1.57059910e+01 6.77229059e-41
 1.57422100e+01 6.64885102e-41
 1.57785110e+01 6.52766914e-41
 1.58148970e+01 6.40870456e-41
 1.58513660e+01 6.29191765e-41
 1.58879190e+01 6.17726960e-41
 1.59245570e+01 6.06472277e-41
 1.59612790e+01 5.95424015e-41
 1.59980860e+01 5.84578601e-41
 1.60349780e+01 5.73932563e-41
 1.60719540e+01 5.63482539e-41
 1.61090160e+01 5.53225305e-41
 1.61461640e+01 5.43157783e-41
 1.61833970e+01 5.33277097e-41
 1.62207160e+01 5.23580592e-41
 1.62581210e+01 5.14065884e-41
 1.62956130e+01 5.04731018e-41
 1.63331900e+01 4.95574563e-41
 1.63708550e+01 4.86595855e-41
 1.64086060e+01 4.77795415e-41
 1.64464450e+01 4.69175626e-41
 1.64843700e+01 4.60741881e-41
 1.65223830e+01 4.52504840e-41
 1.65604840e+01 4.44484850e-41
 1.65986730e+01 4.36721652e-41
 1.66369490e+01 4.29297418e-41
 1.66753140e+01 4.22400114e-41
 1.67137680e+01 4.16532744e-41
 1.67523100e+01 4.13433851e-41
 1.67909410e+01 4.22841345e-41
 1.68296610e+01 6.84106866e-41
 1.68684700e+01 5.29054533e-41
 1.69073690e+01 3.95588568e-41
 1.69463570e+01 3.76315026e-41
 1.69854360e+01 3.66015731e-41
 1.70246040e+01 3.57917301e-41
 1.70638630e+01 3.50672332e-41
 1.71032130e+01 3.43868455e-41
 1.71426530e+01 3.37344531e-41
 1.71821840e+01 3.31026403e-41
 1.72218060e+01 3.24875547e-41
 1.72615200e+01 3.18869895e-41
 1.73013250e+01 3.12995671e-41
 1.73412220e+01 3.07243657e-41
 1.73812110e+01 3.01607262e-41
 1.74212920e+01 2.96081451e-41
 1.74614660e+01 2.90662224e-41
 1.75017320e+01 2.85346243e-41
 1.75420910e+01 2.80130607e-41
 1.75825430e+01 2.75012760e-41
 1.76230890e+01 2.69990374e-41
 1.76637280e+01 2.65061276e-41
 1.77044600e+01 2.60223445e-41
 1.77452870e+01 2.55474982e-41
 1.77862080e+01 2.50814052e-41
 1.78272230e+01 2.46238893e-41
 1.78683330e+01 2.41747836e-41
 1.79095370e+01 2.37339237e-41
 1.79508370e+01 2.33011502e-41
 1.79922310e+01 2.28763094e-41
 1.80337220e+01 2.24592517e-41
 1.80753080e+01 2.20498286e-41
 1.81169890e+01 2.16478992e-41
 1.81587670e+01 2.12533217e-41
 1.82006420e+01 2.08659589e-41
 1.82426120e+01 2.04856790e-41
 1.82846800e+01 2.01123484e-41
 1.83268450e+01 1.97458396e-41
 1.83691060e+01 1.93860268e-41
 1.84114660e+01 1.90327857e-41
 1.84539230e+01 1.86859964e-41
 1.84964780e+01 1.83455401e-41
 1.85391310e+01 1.80112992e-41
 1.85818820e+01 1.76831604e-41
 1.86247320e+01 1.73610114e-41
 1.86676810e+01 1.70447426e-41
 1.87107280e+01 1.67342454e-41
 1.87538760e+01 1.64294152e-41
 1.87971220e+01 1.61301484e-41
 1.88404680e+01 1.58363415e-41
 1.88839150e+01 1.55478957e-41
 1.89274610e+01 1.52647123e-41
 1.89711080e+01 1.49866958e-41
 1.90148560e+01 1.47137514e-41
 1.90587040e+01 1.44457865e-41
 1.91026530e+01 1.41827085e-41
 1.91467040e+01 1.39244303e-41
 1.91908570e+01 1.36708636e-41
 1.92351110e+01 1.34219210e-41
 1.92794670e+01 1.31775193e-41
 1.93239260e+01 1.29375752e-41
 1.93684870e+01 1.27020069e-41
 1.94131510e+01 1.24707351e-41
 1.94579180e+01 1.22436805e-41
 1.95027880e+01 1.20207672e-41
 1.95477620e+01 1.18019189e-41
 1.95928390e+01 1.15870608e-41
 1.96380200e+01 1.13761212e-41
 1.96833050e+01 1.11690275e-41
 1.97286950e+01 1.09657104e-41
 1.97741900e+01 1.07661008e-41
 1.98197890e+01 1.05701304e-41
 1.98654940e+01 1.03777330e-41
 1.99113040e+01 1.01888436e-41
 1.99572190e+01 1.00033981e-41
 2.00032410e+01 9.82133360e-42
 2.00493690e+01 9.64258812e-42
 2.00956030e+01 9.46710131e-42
 2.01419430e+01 9.29481437e-42
 2.01883910e+01 9.12566764e-42
 2.02349450e+01 8.95960483e-42
 2.02816070e+01 8.79656874e-42
 2.03283770e+01 8.63650547e-42
 2.03752540e+01 8.47935904e-42
 2.04222400e+01 8.32507785e-42
 2.04693330e+01 8.17360883e-42
 2.05165360e+01 8.02490031e-42
 2.05638470e+01 7.87890262e-42
 2.06112680e+01 7.73556628e-42
 2.06587970e+01 7.59484206e-42
 2.07064370e+01 7.45668317e-42
 2.07541860e+01 7.32104194e-42
 2.08020450e+01 7.18787307e-42
 2.08500150e+01 7.05713092e-42
 2.08980950e+01 6.92877218e-42
 2.09462860e+01 6.80275210e-42
 2.09945890e+01 6.67902877e-42
 2.10430020e+01 6.55756041e-42
 2.10915280e+01 6.43830538e-42
 2.11401650e+01 6.32122376e-42
 2.11889140e+01 6.20627574e-42
 2.12377760e+01 6.09342214e-42
 2.12867500e+01 5.98262493e-42
 2.13358380e+01 5.87384665e-42
 2.13850390e+01 5.76705048e-42
 2.14343530e+01 5.66220014e-42
 2.14837800e+01 5.55925998e-42
 2.15333220e+01 5.45819583e-42
 2.15829780e+01 5.35897313e-42
 2.16327490e+01 5.26155789e-42
 2.16826340e+01 5.16591758e-42
 2.17326340e+01 5.07201972e-42
 2.17827500e+01 4.97983236e-42
 2.18329810e+01 4.88932451e-42
 2.18833280e+01 4.80046566e-42
 2.19337910e+01 4.71322537e-42
 2.19843710e+01 4.62757453e-42
 2.20350670e+01 4.54348366e-42
 2.20858800e+01 4.46092459e-42
 2.21368100e+01 4.37986960e-42
 2.21878580e+01 4.30029100e-42
 2.22390230e+01 4.22216153e-42
 2.22903060e+01 4.14545522e-42
 2.23417080e+01 4.07014647e-42
 2.23932280e+01 3.99620890e-42
 2.24448670e+01 3.92361816e-42
 2.24966250e+01 3.85234949e-42
 2.25485030e+01 3.78237851e-42
 2.26005000e+01 3.71368203e-42
 2.26526170e+01 3.64623646e-42
 2.27048540e+01 3.58001933e-42
 2.27572110e+01 3.51500778e-42
 2.28096890e+01 3.45118007e-42
 2.28622890e+01 3.38851482e-42
 2.29150090e+01 3.32699059e-42
 2.29678520e+01 3.26658668e-42
 2.30208160e+01 3.20728234e-42
 2.30739020e+01 3.14905787e-42
 2.31271100e+01 3.09189354e-42
 2.31804420e+01 3.03576993e-42
 2.32338960e+01 2.98066828e-42
 2.32874740e+01 2.92656976e-42
 2.33411750e+01 2.87345589e-42
 2.33950000e+01 2.82130911e-42
 2.34489490e+01 2.77011152e-42
 2.35030220e+01 2.71984613e-42
 2.35572200e+01 2.67049525e-42
 2.36115430e+01 2.62204311e-42
 2.36659920e+01 2.57447288e-42
 2.37205660e+01 2.52776834e-42
 2.37752650e+01 2.48191383e-42
 2.38300910e+01 2.43689396e-42
 2.38850440e+01 2.39269326e-42
 2.39401230e+01 2.34929743e-42
 2.39953290e+01 2.30669087e-42
 2.40506620e+01 2.26486006e-42
 2.41061230e+01 2.22379018e-42
 2.41617120e+01 2.18346785e-42
 2.42174290e+01 2.14387900e-42
 2.42732750e+01 2.10501070e-42
 2.43292490e+01 2.06684960e-42
 2.43853530e+01 2.02938288e-42
 2.44415860e+01 1.99259790e-42
 2.44979480e+01 1.95648198e-42
 2.45544410e+01 1.92102317e-42
 2.46110630e+01 1.88620943e-42
 2.46678170e+01 1.85202894e-42
 2.47247010e+01 1.81847059e-42
 2.47817160e+01 1.78552237e-42
 2.48388630e+01 1.75317355e-42
 2.48961420e+01 1.72141301e-42
 2.49535520e+01 1.69023037e-42
 2.50110950e+01 1.65961486e-42
 2.50687710e+01 1.62955590e-42
 2.51265800e+01 1.60004386e-42
 2.51845220e+01 1.57106846e-42
 2.52425980e+01 1.54262014e-42
 2.53008070e+01 1.51468895e-42
 2.53591510e+01 1.48726562e-42
 2.54176300e+01 1.46034101e-42
 2.54762430e+01 1.43390614e-42
 2.55349910e+01 1.40795169e-42
 2.55938750e+01 1.38246919e-42
 2.56528950e+01 1.35744985e-42
 2.57120500e+01 1.33288549e-42
 2.57713430e+01 1.30876780e-42
 2.58307720e+01 1.28508841e-42
 2.58903380e+01 1.26183951e-42
 2.59500410e+01 1.23901298e-42
 2.60098820e+01 1.21660172e-42
 2.60698610e+01 1.19459741e-42
 2.61299780e+01 1.17299319e-42
 2.61902340e+01 1.15178164e-42
 2.62506290e+01 1.13095568e-42
 2.63111630e+01 1.11050793e-42
 2.63718370e+01 1.09043196e-42
 2.64326500e+01 1.07072060e-42
 2.64936040e+01 1.05136764e-42
 2.65546990e+01 1.03236614e-42
 2.66159340e+01 1.01370987e-42
 2.66773110e+01 9.95392460e-43
 2.67388290e+01 9.77407903e-43
 2.68004890e+01 9.59750056e-43
 2.68622910e+01 9.42412954e-43
 2.69242360e+01 9.25390764e-43
 2.69863230e+01 9.08677746e-43
 2.70485540e+01 8.92268291e-43
 2.71109280e+01 8.76156841e-43
 2.71734460e+01 8.60338002e-43
 2.72361080e+01 8.44806409e-43
 2.72989150e+01 8.29556877e-43
 2.73618660e+01 8.14584228e-43
 2.74249630e+01 7.99883441e-43
 2.74882050e+01 7.85449556e-43
 2.75515930e+01 7.71277728e-43
 2.76151270e+01 7.57363172e-43
 2.76788080e+01 7.43701213e-43
 2.77426360e+01 7.30287236e-43
 2.78066100e+01 7.17116764e-43
 2.78707320e+01 7.04185327e-43
 2.79350030e+01 6.91488591e-43
 2.79994210e+01 6.79022277e-43
 2.80639880e+01 6.66782188e-43
 2.81287040e+01 6.54764213e-43
 2.81935690e+01 6.42964321e-43
 2.82585830e+01 6.31378512e-43
 2.83237480e+01 6.20002917e-43
 2.83890620e+01 6.08833695e-43
 2.84545280e+01 5.97867096e-43
 2.85201440e+01 5.87099433e-43
 2.85859120e+01 5.76527090e-43
 2.86518310e+01 5.66146496e-43
 2.87179030e+01 5.55954180e-43
 2.87841260e+01 5.45946699e-43
 2.88505030e+01 5.36120706e-43
 2.89170320e+01 5.26472881e-43
 2.89837150e+01 5.16999999e-43
 2.90505520e+01 5.07698873e-43
 2.91175430e+01 4.98566378e-43
 2.91846880e+01 4.89599444e-43
 2.92519880e+01 4.80795059e-43
 2.93194430e+01 4.72150262e-43
 2.93870540e+01 4.63662151e-43
 2.94548210e+01 4.55327886e-43
 2.95227440e+01 4.47144658e-43
 2.95908240e+01 4.39109714e-43
 2.96590600e+01 4.31220375e-43
 2.97274540e+01 4.23473975e-43
 2.97960060e+01 4.15867932e-43
 2.98647160e+01 4.08399677e-43
 2.99335840e+01 4.01066711e-43
 3.00026110e+01 3.93866585e-43
 3.00717970e+01 3.86796850e-43
 3.01411430e+01 3.79855174e-43
 3.02106490e+01 3.73039199e-43
 3.02803150e+01 3.66346664e-43
 3.03501420e+01 3.59775299e-43
 3.04201290e+01 3.53322927e-43
 3.04902780e+01 3.46987360e-43
 3.05605890e+01 3.40766491e-43
 3.06310620e+01 3.34658224e-43
 3.07016970e+01 3.28660530e-43
 3.07724960e+01 3.22771379e-43
 3.08434570e+01 3.16988795e-43
 3.09145830e+01 3.11310870e-43
 3.09858720e+01 3.05735677e-43
 3.10573260e+01 3.00261345e-43
 3.11289440e+01 2.94886066e-43
 3.12007280e+01 2.89608016e-43
 3.12726770e+01 2.84425433e-43
 3.13447920e+01 2.79336593e-43
 3.14170730e+01 2.74339790e-43
 3.14895210e+01 2.69433333e-43
 3.15621360e+01 2.64615611e-43
 3.16349190e+01 2.59884988e-43
 3.17078690e+01 2.55239882e-43
 3.17809880e+01 2.50678750e-43
 3.18542750e+01 2.46200070e-43
 3.19277310e+01 2.41802337e-43
 3.20013570e+01 2.37484077e-43
 3.20751520e+01 2.33243842e-43
 3.21491180e+01 2.29080235e-43
 3.22232540e+01 2.24991852e-43
 3.22975610e+01 2.20977322e-43
 3.23720390e+01 2.17035313e-43
 3.24466890e+01 2.13164498e-43
 3.25215120e+01 2.09363597e-43
 3.25965060e+01 2.05631332e-43
 3.26716740e+01 2.01966454e-43
 3.27470150e+01 1.98367745e-43
 3.28225300e+01 1.94834004e-43
 3.28982190e+01 1.91364051e-43
 3.29740830e+01 1.87956732e-43
 3.30501210e+01 1.84610904e-43
 3.31263350e+01 1.81325449e-43
 3.32027250e+01 1.78099268e-43
 3.32792900e+01 1.74931306e-43
 3.33560330e+01 1.71820480e-43
 3.34329520e+01 1.68765776e-43
 3.35100490e+01 1.65766155e-43
 3.35873230e+01 1.62820635e-43
 3.36647760e+01 1.59928224e-43
 3.37424070e+01 1.57087964e-43
 3.38202170e+01 1.54298903e-43
 3.38982070e+01 1.51560119e-43
 3.39763760e+01 1.48870692e-43
 3.40547260e+01 1.46229737e-43
 3.41332570e+01 1.43636361e-43
 3.42119680e+01 1.41089716e-43
 3.42908610e+01 1.38588944e-43
 3.43699360e+01 1.36133216e-43
 3.44491940e+01 1.33721723e-43
 3.45286340e+01 1.31353649e-43
 3.46082570e+01 1.29028218e-43
 3.46880640e+01 1.26744651e-43
 3.47680550e+01 1.24502191e-43
 3.48482300e+01 1.22300092e-43
 3.49285900e+01 1.20137619e-43
 3.50091360e+01 1.18014063e-43
 3.50898670e+01 1.15928707e-43
 3.51707850e+01 1.13880871e-43
 3.52518890e+01 1.11869866e-43
 3.53331800e+01 1.09895035e-43
 3.54146590e+01 1.07955708e-43
 3.54963250e+01 1.06051251e-43
 3.55781800e+01 1.04181035e-43
 3.56602240e+01 1.02344430e-43
 3.57424560e+01 1.00540830e-43
 3.58248790e+01 9.87696430e-44
 3.59074910e+01 9.70302813e-44
 3.59902940e+01 9.53221598e-44
 3.60732880e+01 9.36447273e-44
 3.61564730e+01 9.19974111e-44
 3.62398500e+01 9.03796776e-44
 3.63234200e+01 8.87909898e-44
 3.64071820e+01 8.72308191e-44
 3.64911370e+01 8.56986514e-44
 3.65752860e+01 8.41939746e-44
 3.66596290e+01 8.27163024e-44
 3.67441660e+01 8.12651330e-44
 3.68288980e+01 7.98399954e-44
 3.69138260e+01 7.84404148e-44
 3.69989500e+01 7.70659352e-44
 3.70842700e+01 7.57160909e-44
 3.71697860e+01 7.43904460e-44
 3.72555000e+01 7.30885602e-44
 3.73414120e+01 7.18100004e-44
 3.74275210e+01 7.05543510e-44
 3.75138290e+01 6.93211923e-44
 3.76003360e+01 6.81101167e-44
 3.76870430e+01 6.69207334e-44
 3.77739500e+01 6.57526421e-44
 3.78610570e+01 6.46054593e-44
 3.79483650e+01 6.34788075e-44
 3.80358740e+01 6.23723203e-44
 3.81235850e+01 6.12856268e-44
 3.82114980e+01 6.02183723e-44
 3.82996140e+01 5.91702025e-44
 3.83879330e+01 5.81407786e-44
 3.84764560e+01 5.71297573e-44
 3.85651830e+01 5.61368105e-44
 3.86541150e+01 5.51616058e-44
 3.87432510e+01 5.42038253e-44
 3.88325940e+01 5.32631563e-44
 3.89221420e+01 5.23392863e-44
 3.90118970e+01 5.14319170e-44
 3.91018580e+01 5.05407456e-44
 3.91920280e+01 4.96654831e-44
 3.92824050e+01 4.88058408e-44
 3.93729900e+01 4.79615344e-44
 3.94637850e+01 4.71322928e-44
 3.95547880e+01 4.63178406e-44
 3.96460020e+01 4.55179110e-44
 3.97374260e+01 4.47322415e-44
 3.98290610e+01 4.39605738e-44
 3.99209070e+01 4.32026618e-44
 4.00129650e+01 4.24582509e-44
 4.01052350e+01 4.17271031e-44
 4.01977180e+01 4.10089716e-44
 4.02904140e+01 4.03036300e-44
 4.03833240e+01 3.96108432e-44
 4.04764490e+01 3.89303837e-44
 4.05697880e+01 3.82620319e-44
 4.06633420e+01 3.76055714e-44
 4.07571120e+01 3.69607854e-44
 4.08510980e+01 3.63274604e-44
 4.09453010e+01 3.57053979e-44
 4.10397210e+01 3.50943872e-44
 4.11343590e+01 3.44942325e-44
 4.12292150e+01 3.39047407e-44
 4.13242900e+01 3.33257183e-44
 4.14195840e+01 3.27569747e-44
 4.15150980e+01 3.21983260e-44
 4.16108320e+01 3.16495948e-44
 4.17067870e+01 3.11105958e-44
 4.18029630e+01 3.05811572e-44
 4.18993610e+01 3.00611064e-44
 4.19959820e+01 2.95502735e-44
 4.20928250e+01 2.90484983e-44
 4.21898910e+01 2.85556092e-44
 4.22871810e+01 2.80714544e-44
 4.23846960e+01 2.75958710e-44
 4.24824350e+01 2.71287088e-44
 4.25804000e+01 2.66698164e-44
 4.26785910e+01 2.62190417e-44
 4.27770080e+01 2.57762447e-44
 4.28756520e+01 2.53412746e-44
 4.29745240e+01 2.49139959e-44
 4.30736230e+01 2.44942689e-44
 4.31729510e+01 2.40819590e-44
 4.32725080e+01 2.36769340e-44
 4.33722950e+01 2.32790574e-44
 4.34723120e+01 2.28882102e-44
 4.35725590e+01 2.25042572e-44
 4.36730380e+01 2.21270802e-44
 4.37737480e+01 2.17565568e-44
 4.38746910e+01 2.13925639e-44
 4.39758660e+01 2.10349917e-44
 4.40772750e+01 2.06837178e-44
 4.41789180e+01 2.03386332e-44
 4.42807950e+01 1.99996249e-44
 4.43829060e+01 1.96665873e-44
 4.44852540e+01 1.93394108e-44
 4.45878370e+01 1.90179904e-44
 4.46906570e+01 1.87022227e-44
 4.47937140e+01 1.83920087e-44
 4.48970090e+01 1.80872454e-44
 4.50005410e+01 1.77878396e-44
 4.51043130e+01 1.74936916e-44
 4.52083240e+01 1.72047111e-44
 4.53125750e+01 1.69208012e-44
 4.54170660e+01 1.66418746e-44
 4.55217980e+01 1.63678401e-44
 4.56267720e+01 1.60986105e-44
 4.57319870e+01 1.58341024e-44
 4.58374460e+01 1.55742288e-44
 4.59431470e+01 1.53189065e-44
 4.60490920e+01 1.50680560e-44
 4.61552820e+01 1.48215967e-44
 4.62617160e+01 1.45794492e-44
 4.63683960e+01 1.43415379e-44
 4.64753220e+01 1.41077857e-44
 4.65824940e+01 1.38781193e-44
 4.66899140e+01 1.36524666e-44
 4.67975810e+01 1.34307563e-44
 4.69054970e+01 1.32129140e-44
 4.70136610e+01 1.29988752e-44
 4.71220750e+01 1.27885701e-44
 4.72307390e+01 1.25819339e-44
 4.73396540e+01 1.23788966e-44
 4.74488190e+01 1.21794002e-44
 4.75582360e+01 1.19833766e-44
 4.76679060e+01 1.17907674e-44
 4.77778290e+01 1.16015109e-44
 4.78880050e+01 1.14155442e-44
 4.79984350e+01 1.12328139e-44
 4.81091200e+01 1.10532589e-44
 4.82200600e+01 1.08768233e-44
 4.83312550e+01 1.07034522e-44
 4.84427080e+01 1.05330914e-44
 4.85544170e+01 1.03656874e-44
 4.86663840e+01 1.02011858e-44
 4.87786090e+01 1.00395370e-44
 4.88910930e+01 9.88068842e-45
 4.90038360e+01 9.72459221e-45
 4.91168390e+01 9.57119884e-45
 4.92301030e+01 9.42046016e-45
 4.93436280e+01 9.27232914e-45
 4.94574150e+01 9.12675968e-45
 4.95714640e+01 8.98370581e-45
 4.96857760e+01 8.84312344e-45
 4.98003520e+01 8.70496837e-45
 4.99151920e+01 8.56919786e-45
 5.00302970e+01 8.43576946e-45
 5.01456670e+01 8.30464172e-45
 5.02613030e+01 8.17577387e-45
 5.03772060e+01 8.04912591e-45
 5.04933760e+01 7.92465850e-45
 5.06098140e+01 7.80233306e-45
 5.07265210e+01 7.68211160e-45
 5.08434970e+01 7.56395693e-45
 5.09607420e+01 7.44783274e-45
 5.10782580e+01 7.33370279e-45
 5.11960450e+01 7.22153208e-45
 5.13141030e+01 7.11128579e-45
 5.14324340e+01 7.00293001e-45
 5.15510380e+01 6.89643133e-45
 5.16699150e+01 6.79175703e-45
 5.17890660e+01 6.68887488e-45
 5.19084920e+01 6.58775317e-45
 5.20281930e+01 6.48836098e-45
 5.21481710e+01 6.39066772e-45
 5.22684250e+01 6.29464344e-45
 5.23889560e+01 6.20025878e-45
 5.25097660e+01 6.10748486e-45
 5.26308540e+01 6.01629323e-45
 5.27522210e+01 5.92665604e-45
 5.28738680e+01 5.83854602e-45
 5.29957950e+01 5.75193616e-45
 5.31180040e+01 5.66680017e-45
 5.32404950e+01 5.58311217e-45
 5.33632680e+01 5.50084668e-45
 5.34863240e+01 5.41997861e-45
 5.36096630e+01 5.34048353e-45
 5.37332880e+01 5.26233727e-45
 5.38571970e+01 5.18551614e-45
 5.39813920e+01 5.10999685e-45
 5.41058740e+01 5.03575659e-45
 5.42306420e+01 4.96277305e-45
 5.43556990e+01 4.89102409e-45
 5.44810430e+01 4.82048810e-45
 5.46066770e+01 4.75114376e-45
 5.47326000e+01 4.68297038e-45
 5.48588140e+01 4.61594728e-45
 5.49853190e+01 4.55005439e-45
 5.51121160e+01 4.48527196e-45
 5.52392050e+01 4.42158050e-45
 5.53665870e+01 4.35896113e-45
 5.54942620e+01 4.29739496e-45
 5.56222330e+01 4.23686354e-45
 5.57504980e+01 4.17734894e-45
 5.58790590e+01 4.11883340e-45
 5.60079160e+01 4.06129941e-45
 5.61370710e+01 4.00472999e-45
 5.62665240e+01 3.94910817e-45
 5.63962750e+01 3.89441747e-45
 5.65263250e+01 3.84064182e-45
 5.66566750e+01 3.78776512e-45
 5.67873260e+01 3.73577175e-45
 5.69182780e+01 3.68464649e-45
 5.70495320e+01 3.63437406e-45
 5.71810880e+01 3.58493970e-45
 5.73129480e+01 3.53632897e-45
 5.74451130e+01 3.48852739e-45
 5.75775810e+01 3.44152098e-45
 5.77103560e+01 3.39529594e-45
 5.78434360e+01 3.34983869e-45
 5.79768240e+01 3.30513609e-45
 5.81105190e+01 3.26117484e-45
 5.82445220e+01 3.21794220e-45
 5.83788340e+01 3.17542551e-45
 5.85134560e+01 3.13361250e-45
 5.86483890e+01 3.09249090e-45
 5.87836320e+01 3.05204881e-45
 5.89191880e+01 3.01227442e-45
 5.90550560e+01 2.97315621e-45
 5.91912370e+01 2.93468294e-45
 5.93277330e+01 2.89684342e-45
 5.94645430e+01 2.85962664e-45
 5.96016690e+01 2.82302207e-45
 5.97391110e+01 2.78701891e-45
 5.98768700e+01 2.75160697e-45
 6.00149460e+01 2.71677606e-45
 6.01533410e+01 2.68251620e-45
 6.02920550e+01 2.64881750e-45
 6.04310890e+01 2.61567038e-45
 6.05704430e+01 2.58306525e-45
 6.07101190e+01 2.55099291e-45
 6.08501170e+01 2.51944426e-45
 6.09904380e+01 2.48841026e-45
 6.11310830e+01 2.45788200e-45
 6.12720510e+01 2.42785100e-45
 6.14133450e+01 2.39830860e-45
 6.15549650e+01 2.36924647e-45
 6.16969110e+01 2.34065643e-45
 6.18391850e+01 2.31253047e-45
 6.19817860e+01 2.28486046e-45
 6.21247170e+01 2.25763883e-45
 6.22679770e+01 2.23085776e-45
 6.24115670e+01 2.20450993e-45
 6.25554890e+01 2.17858774e-45
 6.26997420e+01 2.15308408e-45
 6.28443280e+01 2.12799185e-45
 6.29892480e+01 2.10330387e-45
 6.31345010e+01 2.07901345e-45
 6.32800900e+01 2.05511380e-45
 6.34260140e+01 2.03159823e-45
 6.35722750e+01 2.00846023e-45
 6.37188740e+01 1.98569333e-45
 6.38658100e+01 1.96329147e-45
 6.40130850e+01 1.94124818e-45
 6.41606990e+01 1.91955759e-45
 6.43086550e+01 1.89821367e-45
 6.44569510e+01 1.87721047e-45
 6.46055890e+01 1.85654239e-45
 6.47545700e+01 1.83620366e-45
 6.49038940e+01 1.81618883e-45
 6.50535630e+01 1.79649229e-45
 6.52035770e+01 1.77710878e-45
 6.53539370e+01 1.75803299e-45
 6.55046440e+01 1.73925973e-45
 6.56556980e+01 1.72078395e-45
 6.58071010e+01 1.70260059e-45
 6.59588520e+01 1.68470483e-45
 6.61109540e+01 1.66709176e-45
 6.62634060e+01 1.64975669e-45
 6.64162100e+01 1.63269494e-45
 6.65693670e+01 1.61590196e-45
 6.67228760e+01 1.59937318e-45
 6.68767400e+01 1.58310420e-45
 6.70309580e+01 1.56709074e-45
 6.71855320e+01 1.55132852e-45
 6.73404620e+01 1.53581330e-45
 6.74957500e+01 1.52054100e-45
 6.76513950e+01 1.50550759e-45
 6.78074000e+01 1.49070901e-45
 6.79637640e+01 1.47614143e-45
 6.81204890e+01 1.46180090e-45
 6.82775760e+01 1.44768386e-45
 6.84350240e+01 1.43378640e-45
 6.85928360e+01 1.42010496e-45
 6.87510120e+01 1.40663598e-45
 6.89095520e+01 1.39337585e-45
 6.90684580e+01 1.38032119e-45
 6.92277300e+01 1.36746863e-45
 6.93873700e+01 1.35481480e-45
 6.95473780e+01 1.34235638e-45
 6.97077550e+01 1.33009015e-45
 6.98685010e+01 1.31801302e-45
 7.00296190e+01 1.30612179e-45
 7.01911070e+01 1.29441346e-45
 7.03529690e+01 1.28288507e-45
 7.05152030e+01 1.27153347e-45
 7.06778120e+01 1.26035601e-45
 7.08407950e+01 1.24934961e-45
 7.10041550e+01 1.23851163e-45
 7.11678910e+01 1.22783930e-45
 7.13320040e+01 1.21732982e-45
 7.14964970e+01 1.20698058e-45
 7.16613680e+01 1.19678891e-45
 7.18266200e+01 1.18675234e-45
 7.19922520e+01 1.17686836e-45
 7.21582670e+01 1.16713435e-45
 7.23246650e+01 1.15754793e-45
 7.24914460e+01 1.14810675e-45
 7.26586120e+01 1.13880844e-45
 7.28261630e+01 1.12965065e-45
 7.29941010e+01 1.12063113e-45
 7.31624260e+01 1.11174758e-45
 7.33311390e+01 1.10299789e-45
 7.35002410e+01 1.09437989e-45
 7.36697330e+01 1.08589138e-45
 7.38396160e+01 1.07753032e-45
 7.40098910e+01 1.06929464e-45
 7.41805580e+01 1.06118242e-45
 7.43516190e+01 1.05319150e-45
 7.45230740e+01 1.04532007e-45
 7.46949250e+01 1.03756617e-45
 7.48671720e+01 1.02992798e-45
 7.50398170e+01 1.02240350e-45
 7.52128590e+01 1.01499104e-45
 7.53863000e+01 1.00768877e-45
 7.55601420e+01 1.00049492e-45
 7.57343840e+01 9.93407774e-46
 7.59090280e+01 9.86425654e-46
 7.60840750e+01 9.79546902e-46
 7.62595250e+01 9.72769815e-46
 7.64353800e+01 9.66092775e-46
 7.66116410e+01 9.59514249e-46
 7.67883080e+01 9.53032656e-46
 7.69653820e+01 9.46646502e-46
 7.71428650e+01 9.40354246e-46
 7.73207570e+01 9.34154367e-46
 7.74990600e+01 9.28045487e-46
 7.76777730e+01 9.22026120e-46
 7.78568980e+01 9.16094861e-46
 7.80364370e+01 9.10250381e-46
 7.82163900e+01 9.04491249e-46
 7.83967570e+01 8.98816170e-46
 7.85775410e+01 8.93223803e-46
 7.87587410e+01 8.87712886e-46
 7.89403590e+01 8.82282110e-46
 7.91223970e+01 8.76930243e-46
 7.93048530e+01 8.71656065e-46
 7.94877310e+01 8.66458374e-46
 7.96710300e+01 8.61335978e-46
 7.98547520e+01 8.56287703e-46
 8.00388980e+01 8.51312384e-46
 8.02234680e+01 8.46408875e-46
 8.04084640e+01 8.41576155e-46
 8.05938870e+01 8.36813042e-46
 8.07797370e+01 8.32118543e-46
 8.09660160e+01 8.27491501e-46
 8.11527240e+01 8.22931003e-46
 8.13398630e+01 8.18435916e-46
 8.15274330e+01 8.14005293e-46
 8.17154360e+01 8.09638140e-46
 8.19038720e+01 8.05333473e-46
 8.20927430e+01 8.01090320e-46
 8.22820500e+01 7.96907832e-46
 8.24717930e+01 7.92785001e-46
 8.26619730e+01 7.88720942e-46
 8.28525920e+01 7.84714723e-46
 8.30436510e+01 7.80765591e-46
 8.32351500e+01 7.76872521e-46
 8.34270910e+01 7.73034779e-46
 8.36194750e+01 7.69251526e-46
 8.38123020e+01 7.65521876e-46
 8.40055740e+01 7.61845066e-46
 8.41992910e+01 7.58220282e-46
 8.43934560e+01 7.54646776e-46
 8.45880670e+01 7.51123752e-46
 8.47831280e+01 7.47650477e-46
 8.49786390e+01 7.44226171e-46
 8.51746000e+01 7.40850117e-46
 8.53710130e+01 7.37521659e-46
 8.55678800e+01 7.34239984e-46
 8.57652000e+01 7.31004452e-46
 8.59629750e+01 7.27814426e-46
 8.61612060e+01 7.24669117e-46
 8.63598950e+01 7.21567957e-46
 8.65590410e+01 7.18510277e-46
 8.67586470e+01 7.15495466e-46
 8.69587130e+01 7.12522815e-46
 8.71592410e+01 7.09591728e-46
 8.73602310e+01 7.06701666e-46
 8.75616840e+01 7.03851937e-46
 8.77636020e+01 7.01042014e-46
 8.79659850e+01 6.98271271e-46
 8.81688360e+01 6.95539190e-46
 8.83721540e+01 6.92845210e-46
 8.85759400e+01 6.90188717e-46
 8.87801970e+01 6.87569212e-46
 8.89849250e+01 6.84986147e-46
 8.91901250e+01 6.82438976e-46
 8.93957980e+01 6.79927267e-46
 8.96019450e+01 6.77450433e-46
 8.98085680e+01 6.75007944e-46
 9.00156670e+01 6.72599431e-46
 9.02232440e+01 6.70224270e-46
 9.04313000e+01 6.67882047e-46
 9.06398350e+01 6.65572354e-46
 9.08488510e+01 6.63294631e-46
 9.10583490e+01 6.61048476e-46
 9.12683310e+01 6.58833390e-46
 9.14787960e+01 6.56649030e-46
 9.16897470e+01 6.54494852e-46
 9.19011840e+01 6.52370521e-46
 9.21131090e+01 6.50275551e-46
 9.23255220e+01 6.48209614e-46
 9.25384260e+01 6.46172180e-46
 9.27518200e+01 6.44162978e-46
 9.29657070e+01 6.42181536e-46
 9.31800860e+01 6.40227488e-46
 9.33949600e+01 6.38300468e-46
 9.36103300e+01 6.36400066e-46
 9.38261960e+01 6.34525974e-46
 9.40425600e+01 6.32677735e-46
 9.42594230e+01 6.30855099e-46
 9.44767860e+01 6.29057665e-46
 9.46946500e+01 6.27285035e-46
 9.49130160e+01 6.25536965e-46
 9.51318860e+01 6.23813114e-46
 9.53512610e+01 6.22113042e-46
 9.55711420e+01 6.20436561e-46
 9.57915300e+01 6.18783237e-46
 9.60124260e+01 6.17152837e-46
 9.62338310e+01 6.15545032e-46
 9.64557470e+01 6.13959493e-46
 9.66781750e+01 6.12395944e-46
 9.69011150e+01 6.10854111e-46
 9.71245700e+01 6.09333624e-46
 9.73485400e+01 6.07834262e-46
 9.75730270e+01 6.06355757e-46
 9.77980310e+01 6.04897792e-46
 9.80235540e+01 6.03460155e-46
 9.82495970e+01 6.02042482e-46
 9.84761610e+01 6.00644564e-46
 9.87032480e+01 5.99266140e-46
 9.89308580e+01 5.97907004e-46
 9.91589940e+01 5.96566801e-46
 9.93876550e+01 5.95245326e-46
 9.96168440e+01 5.93942375e-46
 9.98465610e+01 5.92657650e-46
 1.00076810e+02 5.91390950e-46
 1.00307590e+02 5.90142075e-46
 1.00538900e+02 5.88910683e-46
 1.00770740e+02 5.87696673e-46
 1.01003120e+02 5.86499754e-46
 1.01236030e+02 5.85319733e-46
 1.01469480e+02 5.84156368e-46
 1.01703470e+02 5.83009468e-46
 1.01938000e+02 5.81878796e-46
 1.02173070e+02 5.80764211e-46
 1.02408680e+02 5.79665477e-46
 1.02644840e+02 5.78582360e-46
 1.02881540e+02 5.77514674e-46
 1.03118780e+02 5.76462285e-46
 1.03356580e+02 5.75424912e-46
 1.03594920e+02 5.74402469e-46
 1.03833810e+02 5.73394681e-46
 1.04073250e+02 5.72401414e-46
 1.04313240e+02 5.71422491e-46
 1.04553790e+02 5.70457732e-46
 1.04794890e+02 5.69506962e-46
 1.05036550e+02 5.68570004e-46
 1.05278760e+02 5.67646683e-46
 1.05521540e+02 5.66736825e-46
 1.05764870e+02 5.65840304e-46
 1.06008770e+02 5.64956899e-46
 1.06253220e+02 5.64086535e-46
 1.06498240e+02 5.63228993e-46
 1.06743830e+02 5.62384150e-46
 1.06989980e+02 5.61551837e-46
 1.07236700e+02 5.60731886e-46
 1.07483990e+02 5.59924223e-46
 1.07731850e+02 5.59128634e-46
 1.07980280e+02 5.58345000e-46
 1.08229280e+02 5.57573202e-46
 1.08478860e+02 5.56813076e-46
 1.08729010e+02 5.56064457e-46
 1.08979740e+02 5.55327276e-46
 1.09231050e+02 5.54601370e-46
 1.09482940e+02 5.53886623e-46
 1.09735410e+02 5.53182874e-46
 1.09988460e+02 5.52490008e-46
 1.10242090e+02 5.51807959e-46
 1.10496310e+02 5.51136521e-46
 1.10751120e+02 5.50475580e-46
 1.11006510e+02 5.49825118e-46
 1.11262490e+02 5.49184883e-46
 1.11519060e+02 5.48554858e-46
 1.11776230e+02 5.47934885e-46
 1.12033980e+02 5.47324855e-46
 1.12292340e+02 5.46724705e-46
 1.12551280e+02 5.46134231e-46
 1.12810830e+02 5.45553420e-46
 1.13070970e+02 5.44982115e-46
 1.13331710e+02 5.44420256e-46
 1.13593060e+02 5.43867688e-46
 1.13855000e+02 5.43324352e-46
 1.14117550e+02 5.42790094e-46
 1.14380710e+02 5.42264901e-46
 1.14644470e+02 5.41748621e-46
 1.14908840e+02 5.41241148e-46
 1.15173820e+02 5.40742423e-46
 1.15439420e+02 5.40252343e-46
 1.15705620e+02 5.39770849e-46
 1.15972440e+02 5.39297790e-46
 1.16239870e+02 5.38833109e-46
 1.16507920e+02 5.38376703e-46
 1.16776590e+02 5.37928515e-46
 1.17045880e+02 5.37488443e-46
 1.17315790e+02 5.37056431e-46
 1.17586320e+02 5.36632375e-46
 1.17857470e+02 5.36216175e-46
 1.18129250e+02 5.35807775e-46
 1.18401660e+02 5.35407120e-46
 1.18674690e+02 5.35014063e-46
 1.18948360e+02 5.34628595e-46
 1.19222650e+02 5.34250663e-46
 1.19497580e+02 5.33880119e-46
 1.19773140e+02 5.33516911e-46
 1.20049340e+02 5.33160984e-46
 1.20326180e+02 5.32812286e-46
 1.20603650e+02 5.32470670e-46
 1.20881760e+02 5.32136176e-46
 1.21160520e+02 5.31808660e-46
 1.21439910e+02 5.31488115e-46
 1.21719960e+02 5.31174396e-46
 1.22000640e+02 5.30867543e-46
 1.22281980e+02 5.30567367e-46
 1.22563960e+02 5.30273908e-46
 1.22846590e+02 5.29987068e-46
 1.23129880e+02 5.29706796e-46
 1.23413820e+02 5.29433041e-46
 1.23698410e+02 5.29165705e-46
 1.23983660e+02 5.28904738e-46
 1.24269570e+02 5.28650136e-46
 1.24556130e+02 5.28401755e-46
 1.24843360e+02 5.28159638e-46
 1.25131250e+02 5.27923642e-46
 1.25419810e+02 5.27693809e-46
 1.25709020e+02 5.27469998e-46
 1.25998910e+02 5.27252204e-46
 1.26289460e+02 5.27040332e-46
 1.26580690e+02 5.26834379e-46
 1.26872590e+02 5.26634295e-46
 1.27165150e+02 5.26439985e-46
 1.27458400e+02 5.26251491e-46
 1.27752320e+02 5.26068628e-46
 1.28046920e+02 5.25891484e-46
 1.28342190e+02 5.25719918e-46
 1.28638150e+02 5.25553974e-46
 1.28934790e+02 5.25393512e-46
 1.29232120e+02 5.25238528e-46
 1.29530130e+02 5.25089021e-46
 1.29828820e+02 5.24944897e-46
 1.30128210e+02 5.24806107e-46
 1.30428290e+02 5.24672650e-46
 1.30729060e+02 5.24544432e-46
 1.31030520e+02 5.24421496e-46
 1.31332680e+02 5.24303704e-46
 1.31635530e+02 5.24191099e-46
 1.31939080e+02 5.24083588e-46
 1.32243330e+02 5.23981171e-46
 1.32548290e+02 5.23883753e-46
 1.32853950e+02 5.23791379e-46
 1.33160310e+02 5.23703956e-46
 1.33467380e+02 5.23621483e-46
 1.33775150e+02 5.23543913e-46
 1.34083640e+02 5.23471200e-46
 1.34392840e+02 5.23403296e-46
 1.34702750e+02 5.23340200e-46
 1.35013370e+02 5.23281866e-46
 1.35324720e+02 5.23228248e-46
 1.35636780e+02 5.23179344e-46
 1.35949560e+02 5.23135108e-46
 1.36263060e+02 5.23095540e-46
 1.36577280e+02 5.23060548e-46
 1.36892230e+02 5.23030131e-46
 1.37207900e+02 5.23004242e-46
 1.37524310e+02 5.22982928e-46
 1.37841440e+02 5.22966051e-46
 1.38159300e+02 5.22953657e-46
 1.38477900e+02 5.22945698e-46
 1.38797230e+02 5.22942177e-46
 1.39117300e+02 5.22943000e-46
 1.39438100e+02 5.22948168e-46
 1.39759650e+02 5.22957681e-46
 1.40081930e+02 5.22971540e-46
 1.40404960e+02 5.22989606e-46
 1.40728740e+02 5.23011972e-46
 1.41053260e+02 5.23038547e-46
 1.41378530e+02 5.23069376e-46
 1.41704550e+02 5.23104369e-46
 1.42031320e+02 5.23143480e-46
 1.42358850e+02 5.23186755e-46
 1.42687130e+02 5.23234195e-46
 1.43016170e+02 5.23285664e-46
 1.43345960e+02 5.23341252e-46
 1.43676520e+02 5.23400871e-46
 1.44007840e+02 5.23464519e-46
 1.44339920e+02 5.23532198e-46
 1.44672770e+02 5.23603818e-46
 1.45006390e+02 5.23679470e-46
 1.45340770e+02 5.23759064e-46
 1.45675930e+02 5.23842554e-46
 1.46011860e+02 5.23929988e-46
 1.46348560e+02 5.24021322e-46
 1.46686040e+02 5.24116555e-46
 1.47024300e+02 5.24215643e-46
 1.47363340e+02 5.24318541e-46
 1.47703160e+02 5.24425297e-46
 1.48043770e+02 5.24535866e-46
 1.48385160e+02 5.24650249e-46
 1.48727340e+02 5.24768400e-46
 1.49070300e+02 5.24890277e-46
 1.49414060e+02 5.25015926e-46
 1.49758610e+02 5.25145348e-46
 1.50103950e+02 5.25278452e-46
 1.50450090e+02 5.25415242e-46
 1.50797030e+02 5.25555763e-46
 1.51144770e+02 5.25699925e-46
 1.51493310e+02 5.25847776e-46
 1.51842660e+02 5.25999271e-46
 1.52192810e+02 5.26154413e-46
 1.52543770e+02 5.26313156e-46
 1.52895530e+02 5.26475549e-46
 1.53248110e+02 5.26641501e-46
 1.53601500e+02 5.26811059e-46
 1.53955710e+02 5.26984180e-46
 1.54310730e+02 5.27160911e-46
 1.54666570e+02 5.27341162e-46
 1.55023240e+02 5.27524936e-46
 1.55380720e+02 5.27712279e-46
 1.55739030e+02 5.27903101e-46
 1.56098170e+02 5.28097497e-46
 1.56458130e+02 5.28295331e-46
 1.56818920e+02 5.28496696e-46
 1.57180550e+02 5.28701548e-46
 1.57543010e+02 5.28909844e-46
 1.57906300e+02 5.29121631e-46
 1.58270440e+02 5.29336866e-46
 1.58635410e+02 5.29555550e-46
 1.59001220e+02 5.29777640e-46
 1.59367880e+02 5.30003183e-46
 1.59735390e+02 5.30232183e-46
 1.60103740e+02 5.30464548e-46
 1.60472940e+02 5.30700374e-46
 1.60842990e+02 5.30939571e-46
 1.61213890e+02 5.31182140e-46
 1.61585650e+02 5.31428130e-46
 1.61958270e+02 5.31677497e-46
 1.62331750e+02 5.31930198e-46
 1.62706090e+02 5.32186328e-46
 1.63081290e+02 5.32445795e-46
 1.63457360e+02 5.32708603e-46
 1.63834290e+02 5.32974754e-46
 1.64212090e+02 5.33244297e-46
 1.64590770e+02 5.33517142e-46
 1.64970310e+02 5.33793337e-46
 1.65350740e+02 5.34072886e-46
 1.65732040e+02 5.34355744e-46
 1.66114220e+02 5.34641913e-46
 1.66497280e+02 5.34931398e-46
 1.66881220e+02 5.35224200e-46
 1.67266050e+02 5.35520321e-46
 1.67651770e+02 5.35819765e-46
 1.68038370e+02 5.36122488e-46
 1.68425870e+02 5.36428539e-46
 1.68814260e+02 5.36737829e-46
 1.69203550e+02 5.37050452e-46
 1.69593730e+02 5.37366364e-46
 1.69984820e+02 5.37685570e-46
 1.70376810e+02 5.38008071e-46
 1.70769700e+02 5.38333825e-46
 1.71163490e+02 5.38662880e-46
 1.71558200e+02 5.38995239e-46
 1.71953810e+02 5.39330859e-46
 1.72350340e+02 5.39669743e-46
 1.72747780e+02 5.40011894e-46
 1.73146140e+02 5.40357361e-46
 1.73545410e+02 5.40706102e-46
 1.73945610e+02 5.41058071e-46
 1.74346730e+02 5.41413320e-46
 1.74748770e+02 5.41771897e-46
 1.75151750e+02 5.42133666e-46
 1.75555650e+02 5.42498770e-46
 1.75960480e+02 5.42867120e-46
 1.76366250e+02 5.43238717e-46
 1.76772950e+02 5.43613613e-46
 1.77180590e+02 5.43991810e-46
 1.77589170e+02 5.44373218e-46
 1.77998690e+02 5.44757934e-46
 1.78409160e+02 5.45145915e-46
 1.78820570e+02 5.45537210e-46
 1.79232930e+02 5.45931730e-46
 1.79646240e+02 5.46329571e-46
 1.80060510e+02 5.46730644e-46
 1.80475730e+02 5.47135045e-46
 1.80891910e+02 5.47542684e-46
 1.81309050e+02 5.47953612e-46
 1.81727150e+02 5.48367879e-46
 1.82146210e+02 5.48785394e-46
 1.82566240e+02 5.49206209e-46
 1.82987240e+02 5.49630279e-46
 1.83409210e+02 5.50057703e-46
 1.83832150e+02 5.50488390e-46
 1.84256070e+02 5.50922391e-46
 1.84680970e+02 5.51359709e-46
 1.85106840e+02 5.51800302e-46
 1.85533700e+02 5.52244219e-46
 1.85961540e+02 5.52691465e-46
 1.86390370e+02 5.53141997e-46
 1.86820190e+02 5.53595912e-46
 1.87251000e+02 5.54053073e-46
 1.87682800e+02 5.54513626e-46
 1.88115600e+02 5.54977479e-46
 1.88549390e+02 5.55444685e-46
 1.88984190e+02 5.55915246e-46
 1.89419990e+02 5.56389121e-46
 1.89856790e+02 5.56866359e-46
 1.90294600e+02 5.57346966e-46
 1.90733430e+02 5.57830944e-46
 1.91173260e+02 5.58318252e-46
 1.91614110e+02 5.58808940e-46
 1.92055970e+02 5.59303013e-46
 1.92498850e+02 5.59800474e-46
 1.92942760e+02 5.60301281e-46
 1.93387680e+02 5.60805533e-46
 1.93833640e+02 5.61313186e-46
 1.94280620e+02 5.61824197e-46
 1.94728630e+02 5.62338619e-46
 1.95177680e+02 5.62856503e-46
 1.95627760e+02 5.63377758e-46
 1.96078880e+02 5.63902484e-46
 1.96531040e+02 5.64430638e-46
 1.96984240e+02 5.64962223e-46
 1.97438490e+02 5.65497246e-46
 1.97893780e+02 5.66035758e-46
 1.98350120e+02 5.66577715e-46
 1.98807520e+02 5.67123123e-46
 1.99265970e+02 5.67672034e-46
 1.99725480e+02 5.68224404e-46
 2.00186050e+02 5.68780286e-46
 2.00647680e+02 5.69339638e-46
 2.01110380e+02 5.69902511e-46
 2.01574140e+02 5.70468910e-46
 2.02038970e+02 5.71038793e-46
 2.02504870e+02 5.71612260e-46
 2.02971850e+02 5.72189220e-46
 2.03439910e+02 5.72769774e-46
 2.03909040e+02 5.73353830e-46
 2.04379260e+02 5.73941490e-46
 2.04850560e+02 5.74532712e-46
 2.05322940e+02 5.75127499e-46
 2.05796420e+02 5.75725857e-46
 2.06270990e+02 5.76327839e-46
 2.06746650e+02 5.76933450e-46
 2.07223410e+02 5.77542648e-46
 2.07701270e+02 5.78155485e-46
 2.08180230e+02 5.78771967e-46
 2.08660290e+02 5.79392051e-46
 2.09141470e+02 5.80015839e-46
 2.09623750e+02 5.80643240e-46
 2.10107140e+02 5.81274355e-46
 2.10591650e+02 5.81909142e-46
 2.11077280e+02 5.82547606e-46
 2.11564020e+02 5.83189801e-46
 2.12051890e+02 5.83835685e-46
 2.12540880e+02 5.84485310e-46
 2.13031000e+02 5.85138635e-46
 2.13522260e+02 5.85795762e-46
 2.14014640e+02 5.86456599e-46
 2.14508160e+02 5.87121201e-46
 2.15002820e+02 5.87789622e-46
 2.15498610e+02 5.88461771e-46
 2.15995560e+02 5.89137800e-46
 2.16493640e+02 5.89817568e-46
 2.16992880e+02 5.90501178e-46
 2.17493270e+02 5.91188637e-46
 2.17994810e+02 5.91879951e-46
 2.18497500e+02 5.92575125e-46
 2.19001360e+02 5.93274117e-46
 2.19506380e+02 5.93977031e-46
 2.20012560e+02 5.94683824e-46
 2.20519910e+02 5.95394551e-46
 2.21028440e+02 5.96109169e-46
 2.21538130e+02 5.96827685e-46
 2.22049000e+02 5.97550203e-46
 2.22561040e+02 5.98276631e-46
 2.23074270e+02 5.99007073e-46
 2.23588680e+02 5.99741439e-46
 2.24104280e+02 6.00479832e-46
 2.24621070e+02 6.01222259e-46
 2.25139040e+02 6.01968629e-46
 2.25658220e+02 6.02719096e-46
 2.26178590e+02 6.03473567e-46
 2.26700160e+02 6.04232149e-46
 2.27222930e+02 6.04994748e-46
 2.27746910e+02 6.05761472e-46
 2.28272090e+02 6.06532276e-46
 2.28798490e+02 6.07307218e-46
 2.29326100e+02 6.08086255e-46
 2.29854930e+02 6.08869443e-46
 2.30384970e+02 6.09656839e-46
 2.30916240e+02 6.10448351e-46
 2.31448740e+02 6.11244035e-46
 2.31982460e+02 6.12043949e-46
 2.32517410e+02 6.12848099e-46
 2.33053600e+02 6.13656443e-46
 2.33591020e+02 6.14469038e-46
 2.34129690e+02 6.15285892e-46
 2.34669590e+02 6.16107011e-46
 2.35210740e+02 6.16932454e-46
 2.35753140e+02 6.17762177e-46
 2.36296790e+02 6.18596188e-46
 2.36841690e+02 6.19434595e-46
 2.37387850e+02 6.20277305e-46
 2.37935270e+02 6.21124427e-46
 2.38483950e+02 6.21975867e-46
 2.39033890e+02 6.22831784e-46
 2.39585110e+02 6.23692085e-46
 2.40137590e+02 6.24556779e-46
 2.40691350e+02 6.25425973e-46
 2.41246390e+02 6.26299625e-46
 2.41802700e+02 6.27177744e-46
 2.42360300e+02 6.28060337e-46
 2.42919190e+02 6.28947463e-46
 2.43479360e+02 6.29839131e-46
 2.44040830e+02 6.30735348e-46
 2.44603590e+02 6.31636122e-46
 2.45167640e+02 6.32541463e-46
 2.45733000e+02 6.33451429e-46
 2.46299670e+02 6.34365978e-46
 2.46867630e+02 6.35285220e-46
 2.47436910e+02 6.36209062e-46
 2.48007500e+02 6.37137613e-46
 2.48579410e+02 6.38070833e-46
 2.49152640e+02 6.39008730e-46
 2.49727190e+02 6.39951364e-46
 2.50303060e+02 6.40898793e-46
 2.50880260e+02 6.41850926e-46
 2.51458790e+02 6.42807873e-46
 2.52038660e+02 6.43769592e-46
 2.52619860e+02 6.44736144e-46
 2.53202400e+02 6.45707486e-46
 2.53786290e+02 6.46683730e-46
 2.54371520e+02 6.47664835e-46
 2.54958110e+02 6.48650859e-46
 2.55546040e+02 6.49641763e-46
 2.56135330e+02 6.50637607e-46
 2.56725980e+02 6.51638399e-46
 2.57317990e+02 6.52644151e-46
 2.57911370e+02 6.53654922e-46
 2.58506120e+02 6.54670671e-46
 2.59102230e+02 6.55691459e-46
 2.59699730e+02 6.56717297e-46
 2.60298590e+02 6.57748194e-46
 2.60898850e+02 6.58784212e-46
 2.61500480e+02 6.59825308e-46
 2.62103500e+02 6.60871546e-46
 2.62707920e+02 6.61922986e-46
 2.63313720e+02 6.62979536e-46
 2.63920920e+02 6.64041309e-46
 2.64529530e+02 6.65108265e-46
 2.65139540e+02 6.66180516e-46
 2.65750950e+02 6.67257971e-46
 2.66363770e+02 6.68340691e-46
 2.66978010e+02 6.69428791e-46
 2.67593660e+02 6.70522126e-46
 2.68210740e+02 6.71620863e-46
 2.68829230e+02 6.72724960e-46
 2.69449150e+02 6.73834429e-46
 2.70070510e+02 6.74949333e-46
 2.70693290e+02 6.76069630e-46
 2.71317510e+02 6.77195384e-46
 2.71943170e+02 6.78326659e-46
 2.72570280e+02 6.79463413e-46
 2.73198820e+02 6.80605658e-46
 2.73828820e+02 6.81753510e-46
 2.74460270e+02 6.82906877e-46
 2.75093180e+02 6.84065874e-46
 2.75727550e+02 6.85230460e-46
 2.76363380e+02 6.86400701e-46
 2.77000670e+02 6.87576607e-46
 2.77639440e+02 6.88758139e-46
 2.78279680e+02 6.89945465e-46
 2.78921390e+02 6.91138494e-46
 2.79564590e+02 6.92337289e-46
 2.80209270e+02 6.93541864e-46
 2.80855430e+02 6.94752230e-46
 2.81503090e+02 6.95968399e-46
 2.82152230e+02 6.97190491e-46
 2.82802880e+02 6.98418412e-46
 2.83455030e+02 6.99652280e-46
 2.84108680e+02 7.00892055e-46
 2.84763830e+02 7.02137803e-46
 2.85420500e+02 7.03389485e-46
 2.86078680e+02 7.04647218e-46
 2.86738380e+02 7.05910964e-46
 2.87399600e+02 7.07180788e-46
 2.88062350e+02 7.08456651e-46
 2.88726620e+02 7.09738672e-46
 2.89392430e+02 7.11026811e-46
 2.90059770e+02 7.12321083e-46
 2.90728650e+02 7.13621607e-46
 2.91399070e+02 7.14928291e-46
 2.92071040e+02 7.16241255e-46
 2.92744560e+02 7.17560459e-46
 2.93419630e+02 7.18885972e-46
 2.94096260e+02 7.20217806e-46
 2.94774440e+02 7.21555977e-46
 2.95454200e+02 7.22900498e-46
 2.96135520e+02 7.24251438e-46
 2.96818410e+02 7.25608865e-46
 2.97502870e+02 7.26972685e-46
 2.98188920e+02 7.28343022e-46
 2.98876540e+02 7.29719890e-46
 2.99565750e+02 7.31103249e-46
 3.00256560e+02 7.32493223e-46
 3.00948950e+02 7.33889772e-46
 3.01642940e+02 7.35292966e-46
 3.02338530e+02 7.36702821e-46
 3.03035730e+02 7.38119405e-46
 3.03734530e+02 7.39542625e-46
 3.04434940e+02 7.40972606e-46
 3.05136970e+02 7.42409417e-46
 3.05840620e+02 7.43852966e-46
 3.06545890e+02 7.45303377e-46
 3.07252790e+02 7.46760666e-46
 3.07961310e+02 7.48224794e-46
 3.08671480e+02 7.49695887e-46
 3.09383270e+02 7.51173961e-46
 3.10096720e+02 7.52658978e-46
 3.10811800e+02 7.54151008e-46
 3.11528530e+02 7.55650124e-46
 3.12246920e+02 7.57156286e-46
 3.12966970e+02 7.58669512e-46
 3.13688670e+02 7.60189928e-46
 3.14412040e+02 7.61717497e-46
 3.15137080e+02 7.63252289e-46
 3.15863780e+02 7.64794324e-46
 3.16592170e+02 7.66343561e-46
 3.17322230e+02 7.67900131e-46
 3.18053980e+02 7.69464049e-46
 3.18787410e+02 7.71035334e-46
 3.19522540e+02 7.72613947e-46
 3.20259360e+02 7.74200073e-46
 3.20997880e+02 7.75793620e-46
 3.21738110e+02 7.77394604e-46
 3.22480040e+02 7.79003155e-46
 3.23223680e+02 7.80619292e-46
 3.23969030e+02 7.82243033e-46
 3.24716110e+02 7.83874341e-46
 3.25464910e+02 7.85513346e-46
 3.26215430e+02 7.87160010e-46
 3.26967690e+02 7.88814409e-46
 3.27721680e+02 7.90476617e-46
 3.28477410e+02 7.92146598e-46
 3.29234880e+02 7.93824370e-46
 3.29994100e+02 7.95510010e-46
 3.30755060e+02 7.97203592e-46
 3.31517790e+02 7.98905081e-46
 3.32282270e+02 8.00614551e-46
 3.33048520e+02 8.02332024e-46
 3.33816530e+02 8.04057575e-46
 3.34586310e+02 8.05791168e-46
 3.35357870e+02 8.07532880e-46
 3.36131210e+02 8.09282730e-46
 3.36906330e+02 8.11040796e-46
 3.37683240e+02 8.12807042e-46
 3.38461940e+02 8.14581546e-46
 3.39242430e+02 8.16364384e-46
 3.40024730e+02 8.18155521e-46
 3.40808830e+02 8.19955093e-46
 3.41594740e+02 8.21763005e-46
 3.42382460e+02 8.23579394e-46
 3.43171990e+02 8.25404224e-46
 3.43963350e+02 8.27237630e-46
 3.44756530e+02 8.29079578e-46
 3.45551540e+02 8.30930089e-46
 3.46348390e+02 8.32789243e-46
 3.47147070e+02 8.34657119e-46
 3.47947590e+02 8.36533682e-46
 3.48749960e+02 8.38419011e-46
 3.49554180e+02 8.40313072e-46
 3.50360260e+02 8.42216003e-46
 3.51168190e+02 8.44127827e-46
 3.51977990e+02 8.46048566e-46
 3.52789650e+02 8.47978186e-46
 3.53603190e+02 8.49916883e-46
 3.54418600e+02 8.51864566e-46
 3.55235890e+02 8.53821315e-46
 3.56055070e+02 8.55787213e-46
 3.56876130e+02 8.57762225e-46
 3.57699090e+02 8.59746433e-46
 3.58523950e+02 8.61739861e-46
 3.59350710e+02 8.63742593e-46
 3.60179370e+02 8.65754651e-46
 3.61009950e+02 8.67776062e-46
 3.61842440e+02 8.69806907e-46
 3.62676850e+02 8.71847154e-46
 3.63513190e+02 8.73896945e-46
 3.64351450e+02 8.75956186e-46
 3.65191650e+02 8.78025081e-46
 3.66033790e+02 8.80103536e-46
 3.66877860e+02 8.82191636e-46
 3.67723890e+02 8.84289526e-46
 3.68571860e+02 8.86397112e-46
 3.69421790e+02 8.88514479e-46
 3.70273680e+02 8.90641655e-46
 3.71127530e+02 8.92778783e-46
 3.71983360e+02 8.94925772e-46
 3.72841150e+02 8.97082768e-46
 3.73700930e+02 8.99249796e-46
 3.74562680e+02 9.01426825e-46
 3.75426430e+02 9.03614001e-46
 3.76292160e+02 9.05811351e-46
 3.77159900e+02 9.08018842e-46
 3.78029630e+02 9.10236624e-46
 3.78901370e+02 9.12464661e-46
 3.79775120e+02 9.14703105e-46
 3.80650880e+02 9.16951861e-46
 3.81528670e+02 9.19211078e-46
 3.82408480e+02 9.21480726e-46
 3.83290310e+02 9.23760952e-46
 3.84174180e+02 9.26051725e-46
 3.85060090e+02 9.28353136e-46
 3.85948040e+02 9.30665212e-46
 3.86838040e+02 9.32987984e-46
 3.87730090e+02 9.35321540e-46
 3.88624200e+02 9.37665912e-46
 3.89520370e+02 9.40021190e-46
 3.90418610e+02 9.42387342e-46
 3.91318920e+02 9.44764460e-46
 3.92221300e+02 9.47152574e-46
 3.93125770e+02 9.49551776e-46
 3.94032320e+02 9.51962034e-46
 3.94940960e+02 9.54383504e-46
 3.95851700e+02 9.56816216e-46
 3.96764530e+02 9.59260138e-46
 3.97679480e+02 9.61715427e-46
 3.98596530e+02 9.64182052e-46
 3.99515690e+02 9.66660106e-46
 4.00436980e+02 9.69149683e-46
 4.01360390e+02 9.71650754e-46
 4.02285930e+02 9.74163350e-46
 4.03213610e+02 9.76687629e-46
 4.04143420e+02 9.79223560e-46
 4.05075380e+02 9.81771302e-46
 4.06009480e+02 9.84330762e-46
 4.06945750e+02 9.86902099e-46
 4.07884170e+02 9.89485346e-46
 4.08824750e+02 9.92080537e-46
 4.09767500e+02 9.94687705e-46
 4.10712430e+02 9.97307011e-46
 4.11659540e+02 9.99938425e-46
 4.12608830e+02 1.00258198e-45
 4.13560300e+02 1.00523778e-45
 4.14513980e+02 1.00790592e-45
 4.15469850e+02 1.01058642e-45
 4.16427930e+02 1.01327928e-45
 4.17388210e+02 1.01598471e-45
 4.18350710e+02 1.01870261e-45
 4.19315430e+02 1.02143316e-45
 4.20282380e+02 1.02417639e-45
 4.21251550e+02 1.02693234e-45
 4.22222960e+02 1.02970110e-45
 4.23196610e+02 1.03248284e-45
 4.24172510e+02 1.03527754e-45
 4.25150650e+02 1.03808535e-45
 4.26131050e+02 1.04090646e-45
 4.27113710e+02 1.04374089e-45
 4.28098640e+02 1.04658901e-45
 4.29085840e+02 1.04945099e-45
 4.30075310e+02 1.05232739e-45
 4.31067070e+02 1.05521903e-45
 4.32061110e+02 1.05812719e-45
 4.33057450e+02 1.06105492e-45
 4.34056080e+02 1.06400901e-45
 4.35057020e+02 1.06700954e-45
 4.36060270e+02 1.07013736e-45
 4.37065820e+02 1.07405393e-45
 4.38073700e+02 1.22335501e-44
 4.39083900e+02 1.07994686e-45
 4.40096430e+02 1.08206392e-45
 4.41111300e+02 1.08491968e-45
 4.42128510e+02 1.08789722e-45
 4.43148060e+02 1.09091999e-45
 4.44169960e+02 1.09396905e-45
 4.45194220e+02 1.09703807e-45
 4.46220840e+02 1.10012432e-45
 4.47249830e+02 1.10322659e-45
 4.48281190e+02 1.10634435e-45
 4.49314930e+02 1.10947722e-45
 4.50351050e+02 1.11262500e-45
 4.51389570e+02 1.11578767e-45
 4.52430470e+02 1.11896519e-45
 4.53473780e+02 1.12215754e-45
 4.54519500e+02 1.12536478e-45
 4.55567620e+02 1.12858694e-45
 4.56618160e+02 1.13182406e-45
 4.57671130e+02 1.13507614e-45
 4.58726520e+02 1.13834327e-45
 4.59784350e+02 1.14162550e-45
 4.60844620e+02 1.14492294e-45
 4.61907330e+02 1.14823565e-45
 4.62972490e+02 1.15156359e-45
 4.64040110e+02 1.15490695e-45
 4.65110190e+02 1.15826571e-45
 4.66182730e+02 1.16164005e-45
 4.67257760e+02 1.16502988e-45
 4.68335260e+02 1.16843538e-45
 4.69415240e+02 1.17185659e-45
 4.70497720e+02 1.17529358e-45
 4.71582690e+02 1.17874644e-45
 4.72670160e+02 1.18221524e-45
 4.73760140e+02 1.18570001e-45
 4.74852640e+02 1.18920088e-45
 4.75947650e+02 1.19271789e-45
 4.77045190e+02 1.19625109e-45
 4.78145260e+02 1.19980060e-45
 4.79247860e+02 1.20336647e-45
 4.80353010e+02 1.20694875e-45
 4.81460710e+02 1.21054756e-45
 4.82570960e+02 1.21416301e-45
 4.83683780e+02 1.21779510e-45
 4.84799150e+02 1.22144392e-45
 4.85917110e+02 1.22510955e-45
 4.87037630e+02 1.22879210e-45
 4.88160750e+02 1.23249162e-45
 4.89286450e+02 1.23620816e-45
 4.90414750e+02 1.23994192e-45
 4.91545650e+02 1.24369280e-45
 4.92679160e+02 1.24746101e-45
 4.93815280e+02 1.25124658e-45
 4.94954020e+02 1.25504958e-45
 4.96095390e+02 1.25887007e-45
 4.97239390e+02 1.26270822e-45
 4.98386020e+02 1.26656404e-45
 4.99535310e+02 1.27043763e-45
 5.00687240e+02 1.27432907e-45
 5.01841830e+02 1.27823840e-45
 5.02999080e+02 1.28216581e-45
 5.04159000e+02 1.28611130e-45
 5.05321590e+02 1.29007492e-45
 5.06486870e+02 1.29405687e-45
 5.07654830e+02 1.29805714e-45
 5.08825490e+02 1.30207577e-45
 5.09998840e+02 1.30611297e-45
 5.11174900e+02 1.31016880e-45
 5.12353680e+02 1.31424325e-45
 5.13535170e+02 1.31833651e-45
 5.14719380e+02 1.32244864e-45
 5.15906330e+02 1.32657971e-45
 5.17096010e+02 1.33072977e-45
 5.18288440e+02 1.33489895e-45
 5.19483620e+02 1.33908739e-45
 5.20681550e+02 1.34329507e-45
 5.21882250e+02 1.34752212e-45
 5.23085710e+02 1.35176868e-45
 5.24291950e+02 1.35603482e-45
 5.25500970e+02 1.36032058e-45
 5.26712780e+02 1.36462603e-45
 5.27927390e+02 1.36895138e-45
 5.29144790e+02 1.37329662e-45
 5.30365000e+02 1.37766182e-45
 5.31588030e+02 1.38204717e-45
 5.32813870e+02 1.38645275e-45
 5.34042550e+02 1.39087861e-45
 5.35274050e+02 1.39532483e-45
 5.36508400e+02 1.39979153e-45
 5.37745590e+02 1.40427879e-45
 5.38985640e+02 1.40878674e-45
 5.40228540e+02 1.41331545e-45
 5.41474310e+02 1.41786499e-45
 5.42722960e+02 1.42243548e-45
 5.43974480e+02 1.42702701e-45
 5.45228890e+02 1.43163970e-45
 5.46486190e+02 1.43627364e-45
 5.47746390e+02 1.44092888e-45
 5.49009500e+02 1.44560557e-45
 5.50275520e+02 1.45030377e-45
 5.51544460e+02 1.45502363e-45
 5.52816330e+02 1.45976522e-45
 5.54091120e+02 1.46452868e-45
 5.55368860e+02 1.46931401e-45
 5.56649550e+02 1.47412143e-45
 5.57933190e+02 1.47895100e-45
 5.59219780e+02 1.48380273e-45
 5.60509350e+02 1.48867683e-45
 5.61801890e+02 1.49357337e-45
 5.63097410e+02 1.49849244e-45
 5.64395910e+02 1.50343417e-45
 5.65697420e+02 1.50839871e-45
 5.67001920e+02 1.51338599e-45
 5.68309430e+02 1.51839631e-45
 5.69619950e+02 1.52342966e-45
 5.70933500e+02 1.52848619e-45
 5.72250080e+02 1.53356606e-45
 5.73569690e+02 1.53866927e-45
 5.74892350e+02 1.54379596e-45
 5.76218060e+02 1.54894621e-45
 5.77546820e+02 1.55412026e-45
 5.78878650e+02 1.55931810e-45
 5.80213540e+02 1.56453980e-45
 5.81551520e+02 1.56978561e-45
 5.82892580e+02 1.57505559e-45
 5.84236740e+02 1.58034975e-45
 5.85583990e+02 1.58566832e-45
 5.86934350e+02 1.59101138e-45
 5.88287830e+02 1.59637901e-45
 5.89644430e+02 1.60177137e-45
 5.91004150e+02 1.60718854e-45
 5.92367010e+02 1.61263067e-45
 5.93733010e+02 1.61809785e-45
 5.95102170e+02 1.62359016e-45
 5.96474480e+02 1.62910783e-45
 5.97849950e+02 1.63465080e-45
 5.99228600e+02 1.64021938e-45
 6.00610420e+02 1.64581350e-45
 6.01995430e+02 1.65143339e-45
 6.03383640e+02 1.65707923e-45
 6.04775050e+02 1.66275093e-45
 6.06169660e+02 1.66844882e-45
 6.07567500e+02 1.67417290e-45
 6.08968550e+02 1.67992335e-45
 6.10372840e+02 1.68570032e-45
 6.11780360e+02 1.69150383e-45
 6.13191130e+02 1.69733404e-45
 6.14605160e+02 1.70319111e-45
 6.16022440e+02 1.70907506e-45
 6.17442990e+02 1.71498621e-45
 6.18866820e+02 1.72092450e-45
 6.20293930e+02 1.72689017e-45
 6.21724330e+02 1.73288322e-45
 6.23158040e+02 1.73890393e-45
 6.24595040e+02 1.74495228e-45
 6.26035360e+02 1.75102855e-45
 6.27479010e+02 1.75713272e-45
 6.28925980e+02 1.76326499e-45
 6.30376290e+02 1.76942553e-45
 6.31829940e+02 1.77561442e-45
 6.33286940e+02 1.78183175e-45
 6.34747310e+02 1.78807772e-45
 6.36211040e+02 1.79435240e-45
 6.37678150e+02 1.80065607e-45
 6.39148640e+02 1.80698864e-45
 6.40622520e+02 1.81335038e-45
 6.42099800e+02 1.81974139e-45
 6.43580490e+02 1.82616185e-45
 6.45064590e+02 1.83261185e-45
 6.46552110e+02 1.83909158e-45
 6.48043070e+02 1.84560112e-45
 6.49537460e+02 1.85214059e-45
 6.51035300e+02 1.85871016e-45
 6.52536590e+02 1.86530993e-45
 6.54041340e+02 1.87194009e-45
 6.55549570e+02 1.87860083e-45
 6.57061270e+02 1.88529214e-45
 6.58576460e+02 1.89201432e-45
 6.60095140e+02 1.89876738e-45
 6.61617320e+02 1.90555158e-45
 6.63143020e+02 1.91236695e-45
 6.64672230e+02 1.91921367e-45
 6.66204970e+02 1.92609194e-45
 6.67741250e+02 1.93300186e-45
 6.69281060e+02 1.93994361e-45
 6.70824430e+02 1.94691732e-45
 6.72371360e+02 1.95392307e-45
 6.73921850e+02 1.96096106e-45
 6.75475920e+02 1.96803149e-45
 6.77033570e+02 1.97513447e-45
 6.78594810e+02 1.98227010e-45
 6.80159660e+02 1.98943858e-45
 6.81728110e+02 1.99664002e-45
 6.83300180e+02 2.00387461e-45
 6.84875880e+02 2.01114255e-45
 6.86455210e+02 2.01844395e-45
 6.88038180e+02 2.02577884e-45
 6.89624800e+02 2.03314760e-45
 6.91215080e+02 2.04055024e-45
 6.92809030e+02 2.04798697e-45
 6.94406650e+02 2.05545790e-45
 6.96007960e+02 2.06296323e-45
 6.97612960e+02 2.07050308e-45
 6.99221660e+02 2.07807765e-45
 7.00834070e+02 2.08568706e-45
 7.02450200e+02 2.09333152e-45
 7.04070050e+02 2.10101113e-45
 7.05693640e+02 2.10872612e-45
 7.07320980e+02 2.11647659e-45
 7.08952070e+02 2.12426275e-45
 7.10586910e+02 2.13208473e-45
 7.12225530e+02 2.13994273e-45
 7.13867930e+02 2.14783687e-45
 7.15514120e+02 2.15576737e-45
 7.17164100e+02 2.16373435e-45
 7.18817880e+02 2.17173802e-45
 7.20475480e+02 2.17977849e-45
 7.22136900e+02 2.18785600e-45
 7.23802160e+02 2.19597066e-45
 7.25471250e+02 2.20412269e-45
 7.27144190e+02 2.21231220e-45
 7.28820990e+02 2.22053943e-45
 7.30501660e+02 2.22880449e-45
 7.32186200e+02 2.23710771e-45
 7.33874630e+02 2.24544901e-45
 7.35566950e+02 2.25382872e-45
 7.37263170e+02 2.26224705e-45
 7.38963310e+02 2.27070415e-45
 7.40667360e+02 2.27920012e-45
 7.42375350e+02 2.28773521e-45
 7.44087270e+02 2.29630953e-45
 7.45803140e+02 2.30492342e-45
 7.47522970e+02 2.31357691e-45
 7.49246760e+02 2.32227022e-45
 7.50974530e+02 2.33100349e-45
 7.52706280e+02 2.33977705e-45
 7.54442030e+02 2.34859094e-45
 7.56181780e+02 2.35744537e-45
 7.57925540e+02 2.36634060e-45
 7.59673320e+02 2.37527675e-45
 7.61425140e+02 2.38425405e-45
 7.63180990e+02 2.39327266e-45
 7.64940890e+02 2.40233279e-45
 7.66704850e+02 2.41143459e-45
 7.68472880e+02 2.42057830e-45
 7.70244980e+02 2.42976406e-45
 7.72021170e+02 2.43899221e-45
 7.73801460e+02 2.44826268e-45
 7.75585850e+02 2.45757592e-45
 7.77374360e+02 2.46693208e-45
 7.79166990e+02 2.47633119e-45
 7.80963750e+02 2.48577360e-45
 7.82764660e+02 2.49525945e-45
 7.84569720e+02 2.50478899e-45
 7.86378950e+02 2.51436237e-45
 7.88192340e+02 2.52397993e-45
 7.90009920e+02 2.53364162e-45
 7.91831690e+02 2.54334779e-45
 7.93657660e+02 2.55309869e-45
 7.95487840e+02 2.56289447e-45
 7.97322240e+02 2.57273528e-45
 7.99160870e+02 2.58262148e-45
 8.01003740e+02 2.59255311e-45
 8.02850860e+02 2.60253053e-45
 8.04702240e+02 2.61255380e-45
 8.06557890e+02 2.62262326e-45
 8.08417820e+02 2.63273898e-45
 8.10282040e+02 2.64290142e-45
 8.12150560e+02 2.65311053e-45
 8.14023380e+02 2.66336667e-45
 8.15900520e+02 2.67367000e-45
 8.17782000e+02 2.68402068e-45
 8.19667810e+02 2.69441918e-45
 8.21557970e+02 2.70486545e-45
 8.23452490e+02 2.71535976e-45
 8.25351380e+02 2.72590248e-45
 8.27254640e+02 2.73649366e-45
 8.29162300e+02 2.74713368e-45
 8.31074350e+02 2.75782260e-45
 8.32990820e+02 2.76856079e-45
 8.34911700e+02 2.77934842e-45
 8.36837010e+02 2.79018576e-45
 8.38766760e+02 2.80107298e-45
 8.40700970e+02 2.81201036e-45
 8.42639630e+02 2.82299816e-45
 8.44582760e+02 2.83403656e-45
 8.46530380e+02 2.84512605e-45
 8.48482480e+02 2.85626691e-45
 8.50439090e+02 2.86745974e-45
 8.52400210e+02 2.87870579e-45
 8.54365850e+02 2.89000868e-45
 8.56336030e+02 2.90139136e-45
 8.58310740e+02 2.91415230e-45
 8.60290010e+02 2.92432215e-45
 8.62273850e+02 2.93571741e-45
 8.64262260e+02 2.94725958e-45
 8.66255250e+02 2.95886509e-45
 8.68252850e+02 2.97052665e-45
 8.70255040e+02 2.98224282e-45
 8.72261860e+02 2.99401345e-45
 8.74273300e+02 3.00583841e-45
 8.76289380e+02 3.01771799e-45
 8.78310110e+02 3.02965226e-45
 8.80335500e+02 3.04164151e-45
 8.82365560e+02 3.05368606e-45
 8.84400300e+02 3.06578607e-45
 8.86439740e+02 3.07794185e-45
 8.88483870e+02 3.09015360e-45
 8.90532720e+02 3.10242149e-45
 8.92586300e+02 3.11474594e-45
 8.94644610e+02 3.12712704e-45
 8.96707670e+02 3.13956519e-45
 8.98775480e+02 3.15206059e-45
 9.00848070e+02 3.16461355e-45
 9.02925430e+02 3.17722437e-45
 9.05007580e+02 3.18989314e-45
 9.07094540e+02 3.20262028e-45
 9.09186300e+02 3.21540599e-45
 9.11282890e+02 3.22825058e-45
 9.13384320e+02 3.24115436e-45
 9.15490590e+02 3.25411754e-45
 9.17601720e+02 3.26714031e-45
 9.19717710e+02 3.28022310e-45
 9.21838590e+02 3.29336613e-45
 9.23964360e+02 3.30656959e-45
 9.26095030e+02 3.31983392e-45
 9.28230610e+02 3.33315933e-45
 9.30371120e+02 3.34654602e-45
 9.32516560e+02 3.35999444e-45
 9.34666950e+02 3.37350467e-45
 9.36822300e+02 3.38707716e-45
 9.38982620e+02 3.40071212e-45
 9.41147920e+02 3.41440988e-45
 9.43318210e+02 3.42817077e-45
 9.45493510e+02 3.44199489e-45
 9.47673830e+02 3.45588268e-45
 9.49859170e+02 3.46983449e-45
 9.52049550e+02 3.48385052e-45
 9.54244990e+02 3.49793100e-45
 9.56445480e+02 3.51207638e-45
 9.58651050e+02 3.52628689e-45
 9.60861710e+02 3.54056286e-45
 9.63077460e+02 3.55490451e-45
 9.65298330e+02 3.56931220e-45
 9.67524310e+02 3.58378614e-45
 9.69755430e+02 3.59832679e-45
 9.71991690e+02 3.61293452e-45
 9.74233120e+02 3.62760929e-45
 9.76479700e+02 3.64235183e-45
 9.78731470e+02 3.65716213e-45
 9.80988440e+02 3.67204064e-45
 9.83250600e+02 3.68698762e-45
 9.85517990e+02 3.70200353e-45
 9.87790600e+02 3.71708849e-45
 9.90068450e+02 3.73224297e-45
 9.92351560e+02 3.74746722e-45
 9.94639930e+02 3.76276159e-45
 9.96933570e+02 3.77812632e-45
 9.99232510e+02 3.79356178e-45
 1.00153670e+03 3.80906844e-45
 1.00384630e+03 3.82464645e-45
 1.00616120e+03 3.84029614e-45
 1.00848140e+03 3.85601791e-45
 1.01080700e+03 3.87181211e-45
 1.01313790e+03 3.88767900e-45
 1.01547420e+03 3.90361894e-45
 1.01781590e+03 3.91963232e-45
 1.02016300e+03 3.93571937e-45
 1.02251550e+03 3.95188061e-45
 1.02487340e+03 3.96811616e-45
 1.02723680e+03 3.98442652e-45
 1.02960560e+03 4.00081209e-45
 1.03197990e+03 4.01727298e-45
 1.03435960e+03 4.03380971e-45
 1.03674490e+03 4.05042254e-45
 1.03913560e+03 4.06711198e-45
 1.04153190e+03 4.08387817e-45
 1.04393360e+03 4.10072162e-45
 1.04634100e+03 4.11764272e-45
 1.04875380e+03 4.13464162e-45
 1.05117230e+03 4.15171884e-45
 1.05359630e+03 4.16887463e-45
 1.05602590e+03 4.18610954e-45
 1.05846110e+03 4.20342370e-45
 1.06090190e+03 4.22081777e-45
 1.06334830e+03 4.23829176e-45
 1.06580040e+03 4.25584634e-45
 1.06825820e+03 4.27348165e-45
 1.07072160e+03 4.29119823e-45
 1.07319070e+03 4.30899649e-45
 1.07566550e+03 4.32687658e-45
 1.07814600e+03 4.34483917e-45
 1.08063220e+03 4.36288427e-45
 1.08312410e+03 4.38101271e-45
 1.08562180e+03 4.39922450e-45
 1.08812530e+03 4.41752019e-45
 1.09063450e+03 4.43590007e-45
 1.09314950e+03 4.45436469e-45
 1.09567030e+03 4.47291434e-45
 1.09819690e+03 4.49154931e-45
 1.10072940e+03 4.51027017e-45
 1.10326770e+03 4.52907733e-45
 1.10581180e+03 4.54797097e-45
 1.10836180e+03 4.56695179e-45
 1.11091770e+03 4.58601993e-45
 1.11347950e+03 4.60517585e-45
 1.11604720e+03 4.62442011e-45
 1.11862080e+03 4.64375288e-45
 1.12120040e+03 4.66317473e-45
 1.12378590e+03 4.68268611e-45
 1.12637730e+03 4.70228719e-45
 1.12897470e+03 4.72197867e-45
 1.13157820e+03 4.74176089e-45
 1.13418760e+03 4.76163413e-45
 1.13680300e+03 4.78159886e-45
 1.13942450e+03 4.80165566e-45
 1.14205200e+03 4.82180472e-45
 1.14468560e+03 4.84204662e-45
 1.14732530e+03 4.86238182e-45
 1.14997100e+03 4.88281064e-45
 1.15262290e+03 4.90333355e-45
 1.15528080e+03 4.92395100e-45
 1.15794490e+03 4.94466331e-45
 1.16061510e+03 4.96547111e-45
 1.16329150e+03 4.98637485e-45
 1.16597410e+03 5.00737471e-45
 1.16866280e+03 5.02847132e-45
 1.17135780e+03 5.04966515e-45
 1.17405890e+03 5.07095667e-45
 1.17676630e+03 5.09234622e-45
 1.17948000e+03 5.11383413e-45
 1.18219980e+03 5.13542118e-45
 1.18492600e+03 5.15710769e-45
 1.18765850e+03 5.17889401e-45
 1.19039720e+03 5.20078063e-45
 1.19314230e+03 5.22276818e-45
 1.19589370e+03 5.24485701e-45
 1.19865140e+03 5.26704760e-45
 1.20141550e+03 5.28934031e-45
 1.20418600e+03 5.31173578e-45
 1.20696280e+03 5.33423436e-45
 1.20974610e+03 5.35683656e-45
 1.21253580e+03 5.37954301e-45
 1.21533190e+03 5.40235393e-45
 1.21813450e+03 5.42527012e-45
 1.22094350e+03 5.44829180e-45
 1.22375900e+03 5.47141962e-45
 1.22658100e+03 5.49465409e-45
 1.22940950e+03 5.51799588e-45
 1.23224450e+03 5.54144596e-45
 1.23508610e+03 5.56500618e-45
 1.23793420e+03 5.58868949e-45
 1.24078890e+03 5.61842023e-45
 1.24365020e+03 5.63635442e-45
 1.24651800e+03 5.66032373e-45
 1.24939250e+03 5.68442397e-45
 1.25227360e+03 5.70863781e-45
 1.25516140e+03 5.73296414e-45
 1.25805580e+03 5.75740275e-45
 1.26095690e+03 5.78195416e-45
 1.26386460e+03 5.80661861e-45
 1.26677910e+03 5.83139681e-45
 1.26970030e+03 5.85628913e-45
 1.27262830e+03 5.88129628e-45
 1.27556300e+03 5.90641850e-45
 1.27850440e+03 5.93165649e-45
 1.28145270e+03 5.95701080e-45
 1.28440770e+03 5.98248184e-45
 1.28736960e+03 6.00807030e-45
 1.29033820e+03 6.03377661e-45
 1.29331380e+03 6.05960131e-45
 1.29629620e+03 6.08554512e-45
 1.29928540e+03 6.11160831e-45
 1.30228160e+03 6.13779158e-45
 1.30528470e+03 6.16409567e-45
 1.30829470e+03 6.19052068e-45
 1.31131160e+03 6.21706766e-45
 1.31433550e+03 6.24373670e-45
 1.31736640e+03 6.27052886e-45
 1.32040420e+03 6.29744425e-45
 1.32344910e+03 6.32448377e-45
 1.32650100e+03 6.35164783e-45
 1.32955990e+03 6.37893704e-45
 1.33262590e+03 6.40635198e-45
 1.33569890e+03 6.43389323e-45
 1.33877900e+03 6.46156125e-45
 1.34186630e+03 6.48935694e-45
 1.34496060e+03 6.51728059e-45
 1.34806210e+03 6.54533279e-45
 1.35117080e+03 6.57351431e-45
 1.35428660e+03 6.60182575e-45
 1.35740960e+03 6.63026757e-45
 1.36053980e+03 6.65884054e-45
 1.36367720e+03 6.68754495e-45
 1.36682180e+03 6.71638174e-45
 1.36997370e+03 6.74535135e-45
 1.37313290e+03 6.77445443e-45
 1.37629930e+03 6.80369175e-45
 1.37947310e+03 6.83306361e-45
 1.38265420e+03 6.86257081e-45
 1.38584260e+03 6.89221413e-45
 1.38903840e+03 6.92199390e-45
 1.39224150e+03 6.95191089e-45
 1.39545200e+03 6.98196560e-45
 1.39866990e+03 7.01215899e-45
 1.40189530e+03 7.04249138e-45
 1.40512810e+03 7.07296357e-45
 1.40836830e+03 7.10357622e-45
 1.41161600e+03 7.13432981e-45
 1.41487120e+03 7.16522516e-45
 1.41813390e+03 7.19626293e-45
 1.42140410e+03 7.22744362e-45
 1.42468190e+03 7.25876804e-45
 1.42796720e+03 7.29023671e-45
 1.43126010e+03 7.32185045e-45
 1.43456060e+03 7.35360977e-45
 1.43786870e+03 7.38551550e-45
 1.44118450e+03 7.41756833e-45
 1.44450790e+03 7.44976877e-45
 1.44783890e+03 7.48211766e-45
 1.45117760e+03 7.51461551e-45
 1.45452410e+03 7.54726319e-45
 1.45787820e+03 7.58006122e-45
 1.46124010e+03 7.61301045e-45
 1.46460970e+03 7.64611141e-45
 1.46798710e+03 7.67936497e-45
 1.47137230e+03 7.71277183e-45
 1.47476530e+03 7.74633253e-45
 1.47816610e+03 7.78004793e-45
 1.48157480e+03 7.81391858e-45
 1.48499130e+03 7.84794537e-45
 1.48841570e+03 7.88212900e-45
 1.49184800e+03 7.91647019e-45
 1.49528820e+03 7.95096950e-45
 1.49873640e+03 7.98562799e-45
 1.50219250e+03 8.02044604e-45
 1.50565650e+03 8.05542456e-45
 1.50912860e+03 8.09056427e-45
 1.51260860e+03 8.12586592e-45
 1.51609670e+03 8.16133024e-45
 1.51959290e+03 8.19695797e-45
 1.52309700e+03 8.23275003e-45
 1.52660930e+03 8.26870683e-45
 1.53012970e+03 8.30482945e-45
 1.53365820e+03 8.34111849e-45
 1.53719480e+03 8.37757468e-45
 1.54073960e+03 8.41419898e-45
 1.54429260e+03 8.45099215e-45
 1.54785370e+03 8.48795477e-45
 1.55142310e+03 8.52508780e-45
 1.55500070e+03 8.56239199e-45
 1.55858650e+03 8.59986814e-45
 1.56218060e+03 8.63751720e-45
 1.56578300e+03 8.67534033e-45
 1.56939370e+03 8.71333924e-45
 1.57301280e+03 8.75152598e-45
 1.57664010e+03 8.79052975e-45
 1.58027590e+03 8.82838896e-45
 1.58392000e+03 8.86708320e-45
 1.58757250e+03 8.90596170e-45
 1.59123350e+03 8.94502040e-45
 1.59490290e+03 8.98425954e-45
 1.59858070e+03 9.02367955e-45
 1.60226710e+03 9.06328143e-45
 1.60596190e+03 9.10306562e-45
 1.60966530e+03 9.14303332e-45
 1.61337720e+03 9.18318536e-45
 1.61709760e+03 9.22352217e-45
 1.62082670e+03 9.26404518e-45
 1.62456430e+03 9.30475481e-45
 1.62831060e+03 9.34565191e-45
 1.63206550e+03 9.38673772e-45
 1.63582900e+03 9.42801287e-45
 1.63960130e+03 9.46947821e-45
 1.64338220e+03 9.51113460e-45
 1.64717190e+03 9.55298308e-45
 1.65097020e+03 9.59502451e-45
 1.65477740e+03 9.63725957e-45
 1.65859330e+03 9.67968929e-45
 1.66241810e+03 9.72231457e-45
 1.66625160e+03 9.76513626e-45
 1.67009400e+03 9.80815544e-45
 1.67394520e+03 9.85137279e-45
 1.67780540e+03 9.89478940e-45
 1.68167440e+03 9.93840614e-45
 1.68555240e+03 9.98222391e-45
 1.68943930e+03 1.00262432e-44
 1.69333510e+03 1.00704657e-44
 1.69724000e+03 1.01148921e-44
 1.70115380e+03 1.01595232e-44
 1.70507670e+03 1.02043616e-44
 1.70900860e+03 1.02494040e-44
 1.71294960e+03 1.02946551e-44
 1.71689970e+03 1.03401158e-44
 1.72085880e+03 1.03857847e-44
 1.72482720e+03 1.04316644e-44
 1.72880460e+03 1.04777559e-44
 1.73279130e+03 1.05240597e-44
 1.73678710e+03 1.05705767e-44
 1.74079210e+03 1.06173075e-44
 1.74480640e+03 1.06642550e-44
 1.74883000e+03 1.07114179e-44
 1.75286280e+03 1.07587989e-44
 1.75690490e+03 1.08063988e-44
 1.76095630e+03 1.08542163e-44
 1.76501710e+03 1.09022562e-44
 1.76908720e+03 1.09505153e-44
 1.77316680e+03 1.09989984e-44
 1.77725570e+03 1.10477043e-44
 1.78135410e+03 1.10966357e-44
 1.78546190e+03 1.11457914e-44
 1.78957920e+03 1.11951742e-44
 1.79370600e+03 1.12447849e-44
 1.79784230e+03 1.12946243e-44
 1.80198810e+03 1.13446932e-44
 1.80614350e+03 1.13949925e-44
 1.81030850e+03 1.14455249e-44
 1.81448310e+03 1.14962892e-44
 1.81866730e+03 1.15472884e-44
 1.82286110e+03 1.15985210e-44
 1.82706470e+03 1.16499923e-44
 1.83127790e+03 1.17016987e-44
 1.83550080e+03 1.17536431e-44
 1.83973350e+03 1.18058286e-44
 1.84397590e+03 1.18582539e-44
 1.84822820e+03 1.19109219e-44
 1.85249020e+03 1.19638313e-44
 1.85676210e+03 1.20169851e-44
 1.86104380e+03 1.20703841e-44
 1.86533530e+03 1.21240293e-44
 1.86963680e+03 1.21779214e-44
 1.87394820e+03 1.22320614e-44
 1.87826960e+03 1.22864522e-44
 1.88260090e+03 1.23410947e-44
 1.88694220e+03 1.23959877e-44
 1.89129350e+03 1.24511341e-44
 1.89565480e+03 1.25065461e-44
 1.90002620e+03 1.25622268e-44
 1.90440770e+03 1.26181030e-44
 1.90879920e+03 1.26742699e-44
 1.91320090e+03 1.27306992e-44
 1.91761280e+03 1.27873872e-44
 1.92203480e+03 1.28443372e-44
 1.92646710e+03 1.29015500e-44
 1.93090950e+03 1.29590265e-44
 1.93536220e+03 1.30167700e-44
 1.93982520e+03 1.30747767e-44
 1.94429840e+03 1.31330523e-44
 1.94878200e+03 1.31915952e-44
 1.95327590e+03 1.32504088e-44
 1.95778020e+03 1.33094939e-44
 1.96229480e+03 1.33688516e-44
 1.96681990e+03 1.34284826e-44
 1.97135540e+03 1.34883881e-44
 1.97590130e+03 1.35485712e-44
 1.98045780e+03 1.36090306e-44
 1.98502470e+03 1.36697673e-44
 1.98960220e+03 1.37307868e-44
 1.99419030e+03 1.37920855e-44
 1.99878890e+03 1.38536666e-44
 2.00339810e+03 1.39155336e-44
 2.00801790e+03 1.39776850e-44
 2.01264840e+03 1.40401218e-44
 2.01728960e+03 1.41028474e-44
 2.02194150e+03 1.41658628e-44
 2.02660410e+03 1.42291689e-44
 2.03127750e+03 1.42927668e-44
 2.03596160e+03 1.43566551e-44
 2.04065660e+03 1.44208419e-44
 2.04536230e+03 1.44853212e-44
 2.05007900e+03 1.45501011e-44
 2.05480650e+03 1.46151779e-44
 2.05954490e+03 1.46805550e-44
 2.06429420e+03 1.47462334e-44
 2.06905450e+03 1.48122141e-44
 2.07382570e+03 1.48784983e-44
 2.07860800e+03 1.49450894e-44
 2.08340130e+03 1.50119884e-44
 2.08820560e+03 1.50791941e-44
 2.09302100e+03 1.51467098e-44
 2.09784750e+03 1.52145367e-44
 2.10268520e+03 1.52826783e-44
 2.10753400e+03 1.53511332e-44
 2.11239400e+03 1.54199025e-44
 2.11726520e+03 1.54889898e-44
 2.12214760e+03 1.55583936e-44
 2.12704130e+03 1.56281202e-44
 2.13194630e+03 1.56981680e-44
 2.13686260e+03 1.57685381e-44
 2.14179020e+03 1.58392318e-44
 2.14672920e+03 1.59102527e-44
 2.15167960e+03 1.59815992e-44
 2.15664130e+03 1.60532777e-44
 2.16161460e+03 1.61252842e-44
 2.16659930e+03 1.61976249e-44
 2.17159550e+03 1.62702959e-44
 2.17660320e+03 1.63433059e-44
 2.18162240e+03 1.64166486e-44
 2.18665330e+03 1.64903326e-44
 2.19169570e+03 1.65643541e-44
 2.19674980e+03 1.66387194e-44
 2.20181550e+03 1.67134270e-44
 2.20689290e+03 1.67884782e-44
 2.21198200e+03 1.68638741e-44
 2.21708290e+03 1.69396186e-44
 2.22219550e+03 1.70157128e-44
 2.22731990e+03 1.70921579e-44
 2.23245610e+03 1.71689552e-44
 2.23760420e+03 1.72461085e-44
 2.24276410e+03 1.73236164e-44
 2.24793590e+03 1.74014802e-44
 2.25311970e+03 1.74797062e-44
 2.25831540e+03 1.75583277e-44
 2.26352310e+03 1.76372371e-44
 2.26874280e+03 1.77165470e-44
 2.27397450e+03 1.77962217e-44
 2.27921830e+03 1.78762676e-44
 2.28447420e+03 1.79566807e-44
 2.28974220e+03 1.80374623e-44
 2.29502240e+03 1.81186191e-44
 2.30031470e+03 1.82001496e-44
 2.30561930e+03 1.82820578e-44
 2.31093610e+03 1.83643423e-44
 2.31626510e+03 1.84470045e-44
 2.32160640e+03 1.85300510e-44
 2.32696010e+03 1.86134778e-44
 2.33232610e+03 1.86972888e-44
 2.33770440e+03 1.87814883e-44
 2.34309520e+03 1.88660774e-44
 2.34849840e+03 1.89510548e-44
 2.35391400e+03 1.90364218e-44
 2.35934220e+03 1.91221853e-44
 2.36478280e+03 1.92083440e-44
 2.37023600e+03 1.92948991e-44
 2.37570180e+03 1.93818548e-44
 2.38118020e+03 1.94692097e-44
 2.38667120e+03 1.95569680e-44
 2.39217490e+03 1.96451311e-44
 2.39769130e+03 1.97337004e-44
 2.40322040e+03 1.98226801e-44
 2.40876220e+03 1.99120688e-44
 2.41431680e+03 2.00018679e-44
 2.41988430e+03 2.00920844e-44
 2.42546460e+03 2.01827143e-44
 2.43105770e+03 2.02737645e-44
 2.43666370e+03 2.03652308e-44
 2.44228270e+03 2.04571232e-44
 2.44791460e+03 2.05494375e-44
 2.45355950e+03 2.06421752e-44
 2.45921750e+03 2.07353434e-44
 2.46488840e+03 2.08289407e-44
 2.47057250e+03 2.09229687e-44
 2.47626960e+03 2.10174317e-44
 2.48197990e+03 2.11123312e-44
 2.48770340e+03 2.12076658e-44
 2.49344010e+03 2.13034429e-44
 2.49919000e+03 2.13996582e-44
 2.50495310e+03 2.14963189e-44
 2.51072950e+03 2.15934267e-44
 2.51651930e+03 2.16909801e-44
 2.52232240e+03 2.17889837e-44
 2.52813890e+03 2.18874419e-44
 2.53396880e+03 2.19863505e-44
 2.53981220e+03 2.20857168e-44
 2.54566900e+03 2.21855425e-44
 2.55153930e+03 2.22858261e-44
 2.55742320e+03 2.23865753e-44
 2.56332060e+03 2.24877857e-44
 2.56923170e+03 2.25894648e-44
 2.57515630e+03 2.26916142e-44
 2.58109470e+03 2.27942327e-44
 2.58704670e+03 2.28973248e-44
 2.59301240e+03 2.30008921e-44
 2.59899200e+03 2.31049363e-44
 2.60498520e+03 2.32094622e-44
 2.61099240e+03 2.33144682e-44
 2.61701330e+03 2.34199622e-44
 2.62304820e+03 2.35259398e-44
 2.62909700e+03 2.36324056e-44
 2.63515970e+03 2.37393645e-44
 2.64123640e+03 2.38468150e-44
 2.64732710e+03 2.39547620e-44
 2.65343180e+03 2.40632041e-44
 2.65955070e+03 2.41721491e-44
 2.66568360e+03 2.42815989e-44
 2.67183070e+03 2.43915489e-44
 2.67799200e+03 2.45020072e-44
 2.68416740e+03 2.46129754e-44
 2.69035710e+03 2.47244553e-44
 2.69656110e+03 2.48364488e-44
 2.70277940e+03 2.49489607e-44
 2.70901210e+03 2.50619896e-44
 2.71525910e+03 2.51755406e-44
 2.72152050e+03 2.52896154e-44
 2.72779630e+03 2.54042158e-44
 2.73408660e+03 2.55193468e-44
 2.74039150e+03 2.56350072e-44
 2.74671080e+03 2.57511986e-44
 2.75304480e+03 2.58679294e-44
 2.75939330e+03 2.59851982e-44
 2.76575650e+03 2.61030069e-44
 2.77213430e+03 2.62213573e-44
 2.77852690e+03 2.63402545e-44
 2.78493420e+03 2.64597038e-44
 2.79135630e+03 2.65797004e-44
 2.79779320e+03 2.67002496e-44
 2.80424490e+03 2.68213564e-44
 2.81071150e+03 2.69430229e-44
 2.81719300e+03 2.70652477e-44
 2.82368950e+03 2.71880394e-44
 2.83020100e+03 2.73113964e-44
 2.83672740e+03 2.74353209e-44
 2.84326890e+03 2.75598181e-44
 2.84982550e+03 2.76848900e-44
 2.85639720e+03 2.78105385e-44
 2.86298410e+03 2.79367657e-44
 2.86958620e+03 2.80635769e-44
 2.87620350e+03 2.81909708e-44
 2.88283600e+03 2.83189561e-44
 2.88948390e+03 2.84475280e-44
 2.89614700e+03 2.85766921e-44
 2.90282560e+03 2.87064537e-44
 2.90951950e+03 2.88368150e-44
 2.91622890e+03 2.89677779e-44
 2.92295370e+03 2.90993412e-44
 2.92969410e+03 2.92315137e-44
 2.93645000e+03 2.93642976e-44
 2.94322150e+03 2.94976915e-44
 2.95000850e+03 2.96317011e-44
 2.95681130e+03 2.97663283e-44
 2.96362970e+03 2.99015754e-44
 2.97046390e+03 3.00374480e-44
 2.97731380e+03 3.01739481e-44
 2.98417950e+03 3.03110781e-44
 2.99106100e+03 3.04488401e-44
 2.99795840e+03 3.05872361e-44
 3.00487180e+03 3.07262721e-44
 3.01180100e+03 3.08659501e-44
 3.01874630e+03 3.10062724e-44
 3.02570750e+03 3.11472411e-44
 3.03268480e+03 3.12888586e-44
 3.03967820e+03 3.14311307e-44
 3.04668770e+03 3.15740595e-44
 3.05371340e+03 3.17176474e-44
 3.06075530e+03 3.18618966e-44
 3.06781340e+03 3.20068130e-44
 3.07488780e+03 3.21523953e-44
 3.08197850e+03 3.22986530e-44
 3.08908560e+03 3.24455812e-44
 3.09620910e+03 3.25931967e-44
 3.10334890e+03 3.27414802e-44
 3.11050530e+03 3.28904521e-44
 3.11767810e+03 3.30401111e-44
 3.12486750e+03 3.31904597e-44
 3.13207350e+03 3.33415037e-44
 3.13929610e+03 3.34932457e-44
 3.14653530e+03 3.36456844e-44
 3.15379130e+03 3.37988296e-44
 3.16106390e+03 3.39526800e-44
 3.16835340e+03 3.41072380e-44
 3.17565960e+03 3.42625098e-44
 3.18298270e+03 3.44184978e-44
 3.19032270e+03 3.45752083e-44
 3.19767960e+03 3.47326401e-44
 3.20505350e+03 3.48907955e-44
 3.21244430e+03 3.50496809e-44
 3.21985230e+03 3.52093025e-44
 3.22727730e+03 3.53696591e-44
 3.23471940e+03 3.55307533e-44
 3.24217870e+03 3.56925952e-44
 3.24965520e+03 3.58551797e-44
 3.25714890e+03 3.60185132e-44
 3.26465990e+03 3.61826022e-44
 3.27218820e+03 3.63474492e-44
 3.27973390e+03 3.65130568e-44
 3.28729700e+03 3.66794239e-44
 3.29487760e+03 3.68465646e-44
 3.30247560e+03 3.70144700e-44
 3.31009110e+03 3.71831544e-44
 3.31772420e+03 3.73526165e-44
 3.32537490e+03 3.75228590e-44
 3.33304320e+03 3.76938886e-44
 3.34072930e+03 3.78657040e-44
 3.34843300e+03 3.80383158e-44
 3.35615450e+03 3.82117228e-44
 3.36389380e+03 3.83859277e-44
 3.37165100e+03 3.85609373e-44
 3.37942610e+03 3.87367544e-44
 3.38721900e+03 3.89133816e-44
 3.39503000e+03 3.90908258e-44
 3.40285900e+03 3.92690858e-44
 3.41070600e+03 3.94481685e-44
 3.41857110e+03 3.96280806e-44
 3.42645430e+03 3.98088210e-44
 3.43435580e+03 3.99903926e-44
 3.44227540e+03 4.01728062e-44
 3.45021330e+03 4.03560568e-44
 3.45816950e+03 4.05401553e-44
 3.46614410e+03 4.07251047e-44
 3.47413710e+03 4.09109037e-44
 3.48214850e+03 4.10975635e-44
 3.49017830e+03 4.12850789e-44
 3.49822670e+03 4.14734651e-44
 3.50629360e+03 4.16627169e-44
 3.51437920e+03 4.18528414e-44
 3.52248340e+03 4.20438457e-44
 3.53060620e+03 4.22357288e-44
 3.53874780e+03 4.24285019e-44
 3.54690820e+03 4.26221599e-44
 3.55508740e+03 4.28167099e-44
 3.56328550e+03 4.30121592e-44
 3.57150240e+03 4.32085109e-44
 3.57973830e+03 4.34057681e-44
 3.58799320e+03 4.36039339e-44
 3.59626720e+03 4.38030157e-44
 3.60456020e+03 4.40030166e-44
 3.61287240e+03 4.42039398e-44
 3.62120370e+03 4.44057885e-44
 3.62955420e+03 4.46085700e-44
 3.63792400e+03 4.48122835e-44
 3.64631300e+03 4.50169406e-44
 3.65472150e+03 4.52225403e-44
 3.66314930e+03 4.54290901e-44
 3.67159650e+03 4.56365891e-44
 3.68006330e+03 4.58450491e-44
 3.68854950e+03 4.60544691e-44
 3.69705530e+03 4.62648567e-44
 3.70558080e+03 4.64762153e-44
 3.71412590e+03 4.66885439e-44
 3.72269070e+03 4.69018589e-44
 3.73127520e+03 4.71161550e-44
 3.73987960e+03 4.73314399e-44
 3.74850380e+03 4.75477170e-44
 3.75714790e+03 4.77649942e-44
 3.76581190e+03 4.79832749e-44
 3.77449590e+03 4.82025582e-44
 3.78319990e+03 4.84228563e-44
 3.79192400e+03 4.86441684e-44
 3.80066820e+03 4.88665067e-44
 3.80943250e+03 4.90898661e-44
 3.81821710e+03 4.93142588e-44
 3.82702200e+03 4.95396840e-44
 3.83584710e+03 4.97661498e-44
 3.84469260e+03 4.99936642e-44
 3.85355850e+03 5.02222218e-44
 3.86244480e+03 5.04518398e-44
 3.87135160e+03 5.06825128e-44
 3.88027900e+03 5.09142535e-44
 3.88922700e+03 5.11470610e-44
 3.89819550e+03 5.13809436e-44
 3.90718480e+03 5.16159050e-44
 3.91619480e+03 5.18519488e-44
 3.92522560e+03 5.20890835e-44
 3.93427720e+03 5.23273128e-44
 3.94334970e+03 5.25666404e-44
 3.95244310e+03 5.28070702e-44
 3.96155740e+03 5.30486106e-44
 3.97069280e+03 5.32912700e-44
 3.97984930e+03 5.35350709e-44
 3.98902680e+03 5.37799429e-44
 3.99822550e+03 5.40259734e-44
 4.00744550e+03 5.42731385e-44
 4.01668670e+03 5.45214421e-44
 4.02594920e+03 5.47708928e-44
 4.03523310e+03 5.50214945e-44
 4.04453830e+03 5.52732513e-44
 4.05386510e+03 5.55261719e-44
 4.06321330e+03 5.57802555e-44
 4.07258310e+03 5.60355157e-44
 4.08197450e+03 5.62919517e-44
 4.09138760e+03 5.65495677e-44
 4.10082240e+03 5.68083772e-44
 4.11027890e+03 5.70683795e-44
 4.11975720e+03 5.73295789e-44
 4.12925740e+03 5.75919891e-44
 4.13877950e+03 5.78556045e-44
 4.14832360e+03 5.81204391e-44
 4.15788960e+03 5.83864922e-44
 4.16747780e+03 5.86537777e-44
 4.17708800e+03 5.89222949e-44
 4.18672040e+03 5.91920483e-44
 4.19637500e+03 5.94630468e-44
 4.20605190e+03 5.97352998e-44
 4.21575110e+03 6.00088066e-44
 4.22547260e+03 6.02835716e-44
 4.23521660e+03 6.05596089e-44
 4.24498300e+03 6.08369181e-44
 4.25477200e+03 6.11155084e-44
 4.26458350e+03 6.13953794e-44
 4.27441770e+03 6.16765453e-44
 4.28427450e+03 6.19590108e-44
 4.29415410e+03 6.22427752e-44
 4.30405650e+03 6.25278531e-44
 4.31398160e+03 6.28142440e-44
 4.32392970e+03 6.31019524e-44
 4.33390070e+03 6.33909930e-44
 4.34389470e+03 6.36813654e-44
 4.35391180e+03 6.39730790e-44
 4.36395190e+03 6.42661387e-44
 4.37401530e+03 6.45605491e-44
 4.38410180e+03 6.48563199e-44
 4.39421150e+03 6.51534559e-44
 4.40434460e+03 6.54519617e-44
 4.41450110e+03 6.57518421e-44
 4.42468100e+03 6.60531069e-44
 4.43488430e+03 6.63557662e-44
 4.44511120e+03 6.66598195e-44
 4.45536160e+03 6.69652718e-44
 4.46563570e+03 6.72721381e-44
 4.47593350e+03 6.75804182e-44
 4.48625510e+03 6.78901222e-44
 4.49660040e+03 6.82012550e-44
 4.50696960e+03 6.85138268e-44
 4.51736270e+03 6.88278321e-44
 4.52777980e+03 6.91432915e-44
 4.53822090e+03 6.94602102e-44
 4.54868600e+03 6.97785878e-44
 4.55917530e+03 7.00984295e-44
 4.56968880e+03 7.04197508e-44
 4.58022660e+03 7.07425570e-44
 4.59078860e+03 7.10668531e-44
 4.60137500e+03 7.13926443e-44
 4.61198580e+03 7.17199358e-44
 4.62262110e+03 7.20487381e-44
 4.63328090e+03 7.23790618e-44
 4.64396530e+03 7.27109068e-44
 4.65467430e+03 7.30442837e-44
 4.66540800e+03 7.33791979e-44
 4.67616650e+03 7.37156546e-44
 4.68694970e+03 7.40536702e-44
 4.69775790e+03 7.43932389e-44
 4.70859100e+03 7.47343772e-44
 4.71944900e+03 7.50770905e-44
 4.73033210e+03 7.54213842e-44
 4.74124030e+03 7.57672693e-44
 4.75217360e+03 7.61147458e-44
 4.76313210e+03 7.64638303e-44
 4.77411600e+03 7.68145226e-44
 4.78512510e+03 7.71668396e-44
 4.79615970e+03 7.75207702e-44
 4.80721960e+03 7.78763422e-44
 4.81830510e+03 7.82335500e-44
 4.82941620e+03 7.85924107e-44
 4.84055280e+03 7.89529243e-44
 4.85171520e+03 7.93151077e-44
 4.86290330e+03 7.96789555e-44
 4.87411720e+03 8.00444846e-44
 4.88535690e+03 8.04117010e-44
 4.89662260e+03 8.07806105e-44
 4.90791420e+03 8.11512189e-44
 4.91923190e+03 8.15235434e-44
 4.93057570e+03 8.18975844e-44
 4.94194570e+03 8.22733477e-44
 4.95334180e+03 8.26508508e-44
 4.96476430e+03 8.30300940e-44
 4.97621310e+03 8.34110832e-44
 4.98768820e+03 8.37938362e-44
 4.99918990e+03 8.41783530e-44
 5.01071810e+03 8.45646400e-44
 5.02227280e+03 8.49527148e-44
 5.03385420e+03 8.53425778e-44
 5.04546230e+03 8.57342410e-44
 5.05709720e+03 8.61277106e-44
 5.06875890e+03 8.65229988e-44
 5.08044750e+03 8.69201060e-44
 5.09216300e+03 8.73190503e-44
 5.10390560e+03 8.77198320e-44
 5.11567530e+03 8.81224636e-44
 5.12747200e+03 8.85269572e-44
 5.13929600e+03 8.89333135e-44
 5.15114730e+03 8.93415448e-44
 5.16302590e+03 8.97516576e-44
 5.17493190e+03 9.01636703e-44
 5.18686530e+03 9.05775777e-44
 5.19882620e+03 9.09933982e-44
 5.21081480e+03 9.14111385e-44
 5.22283090e+03 9.18308052e-44
 5.23487480e+03 9.22524049e-44
 5.24694650e+03 9.26759505e-44
 5.25904600e+03 9.31014548e-44
 5.27117340e+03 9.35289245e-44
 5.28332880e+03 9.39583603e-44
 5.29551220e+03 9.43897813e-44
 5.30772360e+03 9.48231944e-44
 5.31996330e+03 9.52586064e-44
 5.33223120e+03 9.56960242e-44
 5.34452730e+03 9.61354611e-44
 5.35685190e+03 9.65769301e-44
 5.36920480e+03 9.70204320e-44
 5.38158620e+03 9.74659865e-44
 5.39399620e+03 9.79135943e-44
 5.40643480e+03 9.83632625e-44
 5.41890210e+03 9.88150109e-44
 5.43139810e+03 9.92688402e-44
 5.44392300e+03 9.97247704e-44
 5.45647670e+03 1.00182802e-43
 5.46905940e+03 1.00642943e-43
 5.48167110e+03 1.01105213e-43
 5.49431180e+03 1.01569614e-43
 5.50698180e+03 1.02036157e-43
 5.51968090e+03 1.02504852e-43
 5.53240930e+03 1.02975713e-43
 5.54516710e+03 1.03448745e-43
 5.55795430e+03 1.03923958e-43
 5.57077100e+03 1.04401365e-43
 5.58361720e+03 1.04880979e-43
 5.59649310e+03 1.05362803e-43
 5.60939860e+03 1.05846851e-43
 5.62233400e+03 1.06333129e-43
 5.63529910e+03 1.06821653e-43
 5.64829420e+03 1.07312437e-43
 5.66131920e+03 1.07805481e-43
 5.67437420e+03 1.08300801e-43
 5.68745940e+03 1.08798410e-43
 5.70057470e+03 1.09298311e-43
 5.71372020e+03 1.09800517e-43
 5.72689610e+03 1.10305049e-43
 5.74010240e+03 1.10811904e-43
 5.75333910e+03 1.11321095e-43
 5.76660640e+03 1.11832636e-43
 5.77990420e+03 1.12346544e-43
 5.79323270e+03 1.12862819e-43
 5.80659190e+03 1.13381476e-43
 5.81998200e+03 1.13902531e-43
 5.83340290e+03 1.14425991e-43
 5.84685480e+03 1.14951865e-43
 5.86033770e+03 1.15480161e-43
 5.87385170e+03 1.16010901e-43
 5.88739680e+03 1.16544087e-43
 5.90097320e+03 1.17079734e-43
 5.91458090e+03 1.17617851e-43
 5.92821990e+03 1.18158453e-43
 5.94189050e+03 1.18701548e-43
 5.95559250e+03 1.19247152e-43
 5.96932620e+03 1.19795275e-43
 5.98309150e+03 1.20345924e-43
 5.99688850e+03 1.20899122e-43
 6.01071740e+03 1.21454864e-43
 6.02457810e+03 1.22013173e-43
 6.03847090e+03 1.22574057e-43
 6.05239560e+03 1.23137533e-43
 6.06635250e+03 1.23703610e-43
 6.08034160e+03 1.24272296e-43
 6.09436290e+03 1.24843608e-43
 6.10841650e+03 1.25417562e-43
 6.12250260e+03 1.25994159e-43
 6.13662110e+03 1.26573417e-43
 6.15077220e+03 1.27155344e-43
 6.16495590e+03 1.27739964e-43
 6.17917240e+03 1.28327278e-43
 6.19342160e+03 1.28917305e-43
 6.20770370e+03 1.29510052e-43
 6.22201870e+03 1.30105536e-43
 6.23636670e+03 1.30703767e-43
 6.25074780e+03 1.31304762e-43
 6.26516210e+03 1.31908581e-43
 6.27960960e+03 1.32515082e-43
 6.29409040e+03 1.33124432e-43
 6.30860460e+03 1.33736600e-43
 6.32315230e+03 1.34351586e-43
 6.33773360e+03 1.34969416e-43
 6.35234840e+03 1.35590092e-43
 6.36699700e+03 1.36213639e-43
 6.38167930e+03 1.36840059e-43
 6.39639550e+03 1.37469370e-43
 6.41114570e+03 1.38101588e-43
 6.42592980e+03 1.38736724e-43
 6.44074810e+03 1.39374789e-43
 6.45560050e+03 1.40015799e-43
 6.47048710e+03 1.40659765e-43
 6.48540810e+03 1.41306704e-43
 6.50036350e+03 1.41956635e-43
 6.51535340e+03 1.42609560e-43
 6.53037790e+03 1.43265498e-43
 6.54543700e+03 1.43924465e-43
 6.56053080e+03 1.44586473e-43
 6.57565940e+03 1.45251532e-43
 6.59082300e+03 1.45919668e-43
 6.60602150e+03 1.46590876e-43
 6.62125500e+03 1.47265191e-43
 6.63652370e+03 1.47942622e-43
 6.65182750e+03 1.48623172e-43
 6.66716670e+03 1.49306861e-43
 6.68254120e+03 1.49993707e-43
 6.69795120e+03 1.50683728e-43
 6.71339680e+03 1.51376928e-43
 6.72887790e+03 1.52073333e-43
 6.74439470e+03 1.52772947e-43
 6.75994740e+03 1.53475788e-43
 6.77553590e+03 1.54181876e-43
 6.79116030e+03 1.54891221e-43
 6.80682080e+03 1.55603843e-43
 6.82251730e+03 1.56319754e-43
 6.83825010e+03 1.57038964e-43
 6.85401920e+03 1.57761501e-43
 6.86982460e+03 1.58487368e-43
 6.88566650e+03 1.59216585e-43
 6.90154490e+03 1.59949164e-43
 6.91745990e+03 1.60685132e-43
 6.93341160e+03 1.61424493e-43
 6.94940010e+03 1.62167266e-43
 6.96542550e+03 1.62913464e-43
 6.98148780e+03 1.63663106e-43
 6.99758720e+03 1.64416212e-43
 7.01372360e+03 1.65172795e-43
 7.02989730e+03 1.65932866e-43
 7.04610830e+03 1.66696445e-43
 7.06235670e+03 1.67463554e-43
 7.07864260e+03 1.68234195e-43
 7.09496600e+03 1.69008398e-43
 7.11132700e+03 1.69786167e-43
 7.12772580e+03 1.70567530e-43
 7.14416240e+03 1.71352508e-43
 7.16063690e+03 1.72141097e-43
 7.17714940e+03 1.72933327e-43
 7.19369990e+03 1.73729217e-43
 7.21028860e+03 1.74528782e-43
 7.22691560e+03 1.75332033e-43
 7.24358090e+03 1.76138991e-43
 7.26028470e+03 1.76949678e-43
 7.27702700e+03 1.77764099e-43
 7.29380790e+03 1.78582291e-43
 7.31062740e+03 1.79404251e-43
 7.32748580e+03 1.80230000e-43
 7.34438300e+03 1.81059569e-43
 7.36131920e+03 1.81892961e-43
 7.37829450e+03 1.82730199e-43
 7.39530890e+03 1.83571305e-43
 7.41236250e+03 1.84416292e-43
 7.42945550e+03 1.85265181e-43
 7.44658790e+03 1.86117988e-43
 7.46375980e+03 1.86974724e-43
 7.48097130e+03 1.87835421e-43
 7.49822240e+03 1.88700085e-43
 7.51551340e+03 1.89568745e-43
 7.53284420e+03 1.90441416e-43
 7.55021500e+03 1.91318104e-43
 7.56762590e+03 1.92198848e-43
 7.58507690e+03 1.93083653e-43
 7.60256810e+03 1.93972542e-43
 7.62009970e+03 1.94865539e-43
 7.63767170e+03 1.95762648e-43
 7.65528420e+03 1.96663903e-43
 7.67293740e+03 1.97569324e-43
 7.69063120e+03 1.98478911e-43
 7.70836590e+03 1.99392702e-43
 7.72614140e+03 2.00310714e-43
 7.74395800e+03 2.01232961e-43
 7.76181560e+03 2.02159457e-43
 7.77971440e+03 2.03090244e-43
 7.79765450e+03 2.04025311e-43
 7.81563590e+03 2.04964706e-43
 7.83365890e+03 2.05908429e-43
 7.85172330e+03 2.06856511e-43
 7.86982950e+03 2.07808969e-43
 7.88797740e+03 2.08765825e-43
 7.90616710e+03 2.09727096e-43
 7.92439880e+03 2.10692796e-43
 7.94267250e+03 2.11662960e-43
 7.96098840e+03 2.12637603e-43
 7.97934650e+03 2.13616749e-43
 7.99774690e+03 2.14600405e-43
 8.01618980e+03 2.15588605e-43
 8.03467520e+03 2.16581365e-43
 8.05320320e+03 2.17578728e-43
 8.07177390e+03 2.18580654e-43
 8.09038750e+03 2.19587225e-43
 8.10904400e+03 2.20598438e-43
 8.12774350e+03 2.21614328e-43
 8.14648610e+03 2.22634901e-43
 8.16527200e+03 2.23660184e-43
 8.18410120e+03 2.24690192e-43
 8.20297380e+03 2.25724961e-43
 8.22188990e+03 2.26764507e-43
 8.24084960e+03 2.27808856e-43
 8.25985310e+03 2.28858016e-43
 8.27890040e+03 2.29912022e-43
 8.29799160e+03 2.30970891e-43
 8.31712680e+03 2.32034649e-43
 8.33630620e+03 2.33103314e-43
 8.35552980e+03 2.34176921e-43
 8.37479770e+03 2.35255478e-43
 8.39411000e+03 2.36339013e-43
 8.41346690e+03 2.37427541e-43
 8.43286840e+03 2.38521100e-43
 8.45231470e+03 2.39619707e-43
 8.47180580e+03 2.40723390e-43
 8.49134190e+03 2.41832156e-43
 8.51092300e+03 2.42946043e-43
 8.53054920e+03 2.44065078e-43
 8.55022070e+03 2.45189269e-43
 8.56993760e+03 2.46318653e-43
 8.58969990e+03 2.47453259e-43
 8.60950780e+03 2.48593085e-43
 8.62936140e+03 2.49738189e-43
 8.64926080e+03 2.50888568e-43
 8.66920610e+03 2.52044252e-43
 8.68919730e+03 2.53205278e-43
 8.70923470e+03 2.54371666e-43
 8.72931820e+03 2.55543434e-43
 8.74944810e+03 2.56720610e-43
 8.76962440e+03 2.57903213e-43
 8.78984720e+03 2.59091282e-43
 8.81011670e+03 2.60284836e-43
 8.83043290e+03 2.61483895e-43
 8.85079590e+03 2.62688487e-43
 8.87120590e+03 2.63898642e-43
 8.89166300e+03 2.65114379e-43
 8.91216720e+03 2.66335738e-43
 8.93271880e+03 2.67562718e-43
 8.95331770e+03 2.68795380e-43
 8.97396410e+03 2.70033722e-43
 8.99465810e+03 2.71277774e-43
 9.01539990e+03 2.72527578e-43
 9.03618950e+03 2.73783143e-43
 9.05702700e+03 2.75044509e-43
 9.07791260e+03 2.76311697e-43
 9.09884630e+03 2.77584726e-43
 9.11982830e+03 2.78863639e-43
 9.14085870e+03 2.80148455e-43
 9.16193760e+03 2.81439205e-43
 9.18306510e+03 2.82735900e-43
 9.20424130e+03 2.84038591e-43
 9.22546640e+03 2.85347290e-43
 9.24674040e+03 2.86662037e-43
 9.26806340e+03 2.87982844e-43
 9.28943560e+03 2.89309752e-43
 9.31085710e+03 2.90642784e-43
 9.33232800e+03 2.91981959e-43
 9.35384850e+03 2.93327332e-43
 9.37541850e+03 2.94678903e-43
 9.39703830e+03 2.96036714e-43
 9.41870790e+03 2.97400798e-43
 9.44042760e+03 2.98771177e-43
 9.46219730e+03 3.00147873e-43
 9.48401720e+03 3.01530940e-43
 9.50588740e+03 3.02920379e-43
 9.52780800e+03 3.04316233e-43
 9.54977920e+03 3.05718525e-43
 9.57180110e+03 3.07127299e-43
 9.59387370e+03 3.08542566e-43
 9.61599730e+03 3.09964371e-43
 9.63817180e+03 3.11392749e-43
 9.66039750e+03 3.12827710e-43
 9.68267450e+03 3.14269288e-43
 9.70500280e+03 3.15717529e-43
 9.72738260e+03 3.17172456e-43
 9.74981400e+03 3.18634092e-43
 9.77229720e+03 3.20102482e-43
 9.79483220e+03 3.21577640e-43
 9.81741910e+03 3.23059621e-43
 9.84005820e+03 3.24548428e-43
 9.86274940e+03 3.26044118e-43
 9.88549300e+03 3.27546703e-43
 9.90828900e+03 3.29056230e-43
 9.93113760e+03 3.30572723e-43
 9.95403890e+03 3.32096218e-43
 9.97699300e+03 3.33626739e-43
 1.00000000e+04 3.35164333e-43
