## From Policy/CoordinatedFollowUpProgram/data (Prospect doc)
 1.00000000e+01 5.00221390e-20
 1.00230600e+01 4.95634690e-20
 1.00461730e+01 4.91090050e-20
 1.00693400e+01 4.86587080e-20
 1.00925600e+01 4.82125420e-20
 1.01158330e+01 4.77704680e-20
 1.01391610e+01 4.73324480e-20
 1.01625420e+01 4.68984460e-20
 1.01859760e+01 4.64684240e-20
 1.02094650e+01 4.60423450e-20
 1.02330080e+01 4.56201750e-20
 1.02566060e+01 4.52018760e-20
 1.02802580e+01 4.47874140e-20
 1.03039640e+01 4.43767530e-20
 1.03277250e+01 4.39698580e-20
 1.03515410e+01 4.35666950e-20
 1.03754120e+01 4.31672290e-20
 1.03993370e+01 4.27714270e-20
 1.04233180e+01 4.23792560e-20
 1.04473550e+01 4.19906800e-20
 1.04714460e+01 4.16056690e-20
 1.04955940e+01 4.12241890e-20
 1.05197960e+01 4.08462070e-20
 1.05440550e+01 4.04716920e-20
 1.05683700e+01 4.01006120e-20
 1.05927410e+01 3.97329350e-20
 1.06171680e+01 3.93686300e-20
 1.06416510e+01 3.90076660e-20
 1.06661910e+01 3.86500130e-20
 1.06907870e+01 3.82956400e-20
 1.07154400e+01 3.79445170e-20
 1.07401500e+01 3.75966140e-20
 1.07649170e+01 3.72519020e-20
 1.07897410e+01 3.69103510e-20
 1.08146220e+01 3.65719330e-20
 1.08395600e+01 3.62366190e-20
 1.08645570e+01 3.59043800e-20
 1.08896100e+01 3.55751870e-20
 1.09147220e+01 3.52490140e-20
 1.09398910e+01 3.49258330e-20
 1.09651190e+01 3.46056150e-20
 1.09904040e+01 3.42883340e-20
 1.10157480e+01 3.39739630e-20
 1.10411510e+01 3.36624760e-20
 1.10666120e+01 3.33538450e-20
 1.10921310e+01 3.30480440e-20
 1.11177100e+01 3.27450480e-20
 1.11433470e+01 3.24448310e-20
 1.11690440e+01 3.21473670e-20
 1.11948000e+01 3.18526320e-20
 1.12206150e+01 3.15605990e-20
 1.12464900e+01 3.12712450e-20
 1.12724250e+01 3.09845440e-20
 1.12984190e+01 3.07004730e-20
 1.13244730e+01 3.04190080e-20
 1.13505870e+01 3.01401230e-20
 1.13767620e+01 2.98637960e-20
 1.14029970e+01 2.95900040e-20
 1.14292920e+01 2.93187230e-20
 1.14556480e+01 2.90499290e-20
 1.14820650e+01 2.87836010e-20
 1.15085430e+01 2.85197150e-20
 1.15350820e+01 2.82582500e-20
 1.15616820e+01 2.79991820e-20
 1.15883430e+01 2.77424900e-20
 1.16150660e+01 2.74881530e-20
 1.16418500e+01 2.72361480e-20
 1.16686960e+01 2.69864540e-20
 1.16956050e+01 2.67390510e-20
 1.17225750e+01 2.64939160e-20
 1.17496070e+01 2.62510300e-20
 1.17767020e+01 2.60103710e-20
 1.18038590e+01 2.57719190e-20
 1.18310790e+01 2.55356540e-20
 1.18583610e+01 2.53015560e-20
 1.18857070e+01 2.50696050e-20
 1.19131150e+01 2.48397810e-20
 1.19405870e+01 2.46120650e-20
 1.19681220e+01 2.43864370e-20
 1.19957210e+01 2.41628790e-20
 1.20233830e+01 2.39413710e-20
 1.20511090e+01 2.37218950e-20
 1.20788990e+01 2.35044310e-20
 1.21067530e+01 2.32889620e-20
 1.21346710e+01 2.30754690e-20
 1.21626540e+01 2.28639330e-20
 1.21907010e+01 2.26543380e-20
 1.22188130e+01 2.24466660e-20
 1.22469890e+01 2.22408970e-20
 1.22752310e+01 2.20370160e-20
 1.23035380e+01 2.18350050e-20
 1.23319100e+01 2.16348460e-20
 1.23603470e+01 2.14365240e-20
 1.23888500e+01 2.12400200e-20
 1.24174190e+01 2.10453180e-20
 1.24460540e+01 2.08524020e-20
 1.24747550e+01 2.06612550e-20
 1.25035210e+01 2.04718610e-20
 1.25323550e+01 2.02842040e-20
 1.25612540e+01 2.00982680e-20
 1.25902210e+01 1.99140380e-20
 1.26192540e+01 1.97314970e-20
 1.26483540e+01 1.95506300e-20
 1.26775210e+01 1.93714220e-20
 1.27067560e+01 1.91938580e-20
 1.27360580e+01 1.90179220e-20
 1.27654270e+01 1.88436000e-20
 1.27948640e+01 1.86708760e-20
 1.28243690e+01 1.84997360e-20
 1.28539420e+01 1.83301670e-20
 1.28835840e+01 1.81621520e-20
 1.29132930e+01 1.79956780e-20
 1.29430710e+01 1.78307310e-20
 1.29729180e+01 1.76672960e-20
 1.30028340e+01 1.75053610e-20
 1.30328180e+01 1.73449110e-20
 1.30628720e+01 1.71859320e-20
 1.30929950e+01 1.70284110e-20
 1.31231880e+01 1.68723350e-20
 1.31534500e+01 1.67176910e-20
 1.31837820e+01 1.65644650e-20
 1.32141840e+01 1.64126440e-20
 1.32446560e+01 1.62622150e-20
 1.32751980e+01 1.61131660e-20
 1.33058110e+01 1.59654840e-20
 1.33364940e+01 1.58191570e-20
 1.33672480e+01 1.56741710e-20
 1.33980730e+01 1.55305150e-20
 1.34289690e+01 1.53881770e-20
 1.34599370e+01 1.52471440e-20
 1.34909750e+01 1.51074050e-20
 1.35220860e+01 1.49689470e-20
 1.35532680e+01 1.48317600e-20
 1.35845220e+01 1.46958300e-20
 1.36158480e+01 1.45611470e-20
 1.36472460e+01 1.44276990e-20
 1.36787160e+01 1.42954750e-20
 1.37102600e+01 1.41644640e-20
 1.37418760e+01 1.40346550e-20
 1.37735650e+01 1.39060360e-20
 1.38053260e+01 1.37785970e-20
 1.38371620e+01 1.36523260e-20
 1.38690700e+01 1.35272140e-20
 1.39010520e+01 1.34032490e-20
 1.39331080e+01 1.32804210e-20
 1.39652380e+01 1.31587190e-20
 1.39974420e+01 1.30381340e-20
 1.40297200e+01 1.29186550e-20
 1.40620730e+01 1.28002720e-20
 1.40945000e+01 1.26829740e-20
 1.41270020e+01 1.25667530e-20
 1.41595790e+01 1.24515970e-20
 1.41922310e+01 1.23374970e-20
 1.42249590e+01 1.22244440e-20
 1.42577620e+01 1.21124280e-20
 1.42906400e+01 1.20014400e-20
 1.43235940e+01 1.18914690e-20
 1.43566250e+01 1.17825070e-20
 1.43897310e+01 1.16745450e-20
 1.44229140e+01 1.15675730e-20
 1.44561730e+01 1.14615820e-20
 1.44895100e+01 1.13565630e-20
 1.45229220e+01 1.12525070e-20
 1.45564120e+01 1.11494060e-20
 1.45899800e+01 1.10472510e-20
 1.46236240e+01 1.09460330e-20
 1.46573460e+01 1.08457430e-20
 1.46911460e+01 1.07463740e-20
 1.47250240e+01 1.06479160e-20
 1.47589800e+01 1.05503610e-20
 1.47930150e+01 1.04537010e-20
 1.48271270e+01 1.03579280e-20
 1.48613190e+01 1.02630340e-20
 1.48955890e+01 1.01690100e-20
 1.49299390e+01 1.00758490e-20
 1.49643670e+01 9.98354240e-21
 1.49988750e+01 9.89208300e-21
 1.50334630e+01 9.80146290e-21
 1.50681300e+01 9.71167440e-21
 1.51028770e+01 9.62270980e-21
 1.51377040e+01 9.53456180e-21
 1.51726120e+01 9.44722280e-21
 1.52076000e+01 9.36068540e-21
 1.52426690e+01 9.27494250e-21
 1.52778190e+01 9.18998670e-21
 1.53130500e+01 9.10581090e-21
 1.53483620e+01 9.02240810e-21
 1.53837550e+01 8.93977120e-21
 1.54192300e+01 8.85789340e-21
 1.54547870e+01 8.77676780e-21
 1.54904260e+01 8.69638760e-21
 1.55261470e+01 8.61674620e-21
 1.55619500e+01 8.53783690e-21
 1.55978360e+01 8.45965330e-21
 1.56338050e+01 8.38218900e-21
 1.56698570e+01 8.30543760e-21
 1.57059910e+01 8.22939280e-21
 1.57422100e+01 8.15404870e-21
 1.57785110e+01 8.07939920e-21
 1.58148970e+01 8.00543850e-21
 1.58513660e+01 7.93216090e-21
 1.58879190e+01 7.85956080e-21
 1.59245570e+01 7.78763300e-21
 1.59612790e+01 7.71637230e-21
 1.59980860e+01 7.64577400e-21
 1.60349780e+01 7.57583370e-21
 1.60719540e+01 7.50654740e-21
 1.61090160e+01 7.43791170e-21
 1.61461640e+01 7.36992390e-21
 1.61833970e+01 7.30258240e-21
 1.62207160e+01 7.23588690e-21
 1.62581210e+01 7.16983880e-21
 1.62956130e+01 7.10444240e-21
 1.63331900e+01 7.03970570e-21
 1.63708550e+01 6.97564230e-21
 1.64086060e+01 6.91227470e-21
 1.64464450e+01 6.84963960e-21
 1.64843700e+01 6.78779700e-21
 1.65223830e+01 6.72684800e-21
 1.65604840e+01 6.66696970e-21
 1.65986730e+01 6.60849190e-21
 1.66369490e+01 6.55207920e-21
 1.66753140e+01 6.49923160e-21
 1.67137680e+01 6.45393480e-21
 1.67523100e+01 6.42988220e-21
 1.67909410e+01 6.50262520e-21
 1.68296610e+01 8.27107530e-21
 1.68684700e+01 7.27361350e-21
 1.69073690e+01 6.28958320e-21
 1.69463570e+01 6.13445210e-21
 1.69854360e+01 6.04992340e-21
 1.70246040e+01 5.98261900e-21
 1.70638630e+01 5.92175930e-21
 1.71032130e+01 5.86402980e-21
 1.71426530e+01 5.80813680e-21
 1.71821840e+01 5.75348940e-21
 1.72218060e+01 5.69978550e-21
 1.72615200e+01 5.64685660e-21
 1.73013250e+01 5.59460160e-21
 1.73412220e+01 5.54295640e-21
 1.73812110e+01 5.49187820e-21
 1.74212920e+01 5.44133670e-21
 1.74614660e+01 5.39130990e-21
 1.75017320e+01 5.34178100e-21
 1.75420910e+01 5.29273660e-21
 1.75825430e+01 5.24416590e-21
 1.76230890e+01 5.19605980e-21
 1.76637280e+01 5.14841020e-21
 1.77044600e+01 5.10121010e-21
 1.77452870e+01 5.05445330e-21
 1.77862080e+01 5.00813390e-21
 1.78272230e+01 4.96224640e-21
 1.78683330e+01 4.91678590e-21
 1.79095370e+01 4.87174750e-21
 1.79508370e+01 4.82712650e-21
 1.79922310e+01 4.78291850e-21
 1.80337220e+01 4.73911930e-21
 1.80753080e+01 4.69572450e-21
 1.81169890e+01 4.65273030e-21
 1.81587670e+01 4.61013250e-21
 1.82006420e+01 4.56792720e-21
 1.82426120e+01 4.52611080e-21
 1.82846800e+01 4.48467930e-21
 1.83268450e+01 4.44362910e-21
 1.83691060e+01 4.40295660e-21
 1.84114660e+01 4.36265810e-21
 1.84539230e+01 4.32273020e-21
 1.84964780e+01 4.28316940e-21
 1.85391310e+01 4.24397210e-21
 1.85818820e+01 4.20513500e-21
 1.86247320e+01 4.16665470e-21
 1.86676810e+01 4.12852790e-21
 1.87107280e+01 4.09075120e-21
 1.87538760e+01 4.05332150e-21
 1.87971220e+01 4.01623560e-21
 1.88404680e+01 3.97949010e-21
 1.88839150e+01 3.94308200e-21
 1.89274610e+01 3.90700810e-21
 1.89711080e+01 3.87126540e-21
 1.90148560e+01 3.83585080e-21
 1.90587040e+01 3.80076130e-21
 1.91026530e+01 3.76599370e-21
 1.91467040e+01 3.73154530e-21
 1.91908570e+01 3.69741310e-21
 1.92351110e+01 3.66359400e-21
 1.92794670e+01 3.63008530e-21
 1.93239260e+01 3.59688410e-21
 1.93684870e+01 3.56398750e-21
 1.94131510e+01 3.53139280e-21
 1.94579180e+01 3.49909710e-21
 1.95027880e+01 3.46709780e-21
 1.95477620e+01 3.43539210e-21
 1.95928390e+01 3.40397720e-21
 1.96380200e+01 3.37285060e-21
 1.96833050e+01 3.34200950e-21
 1.97286950e+01 3.31145140e-21
 1.97741900e+01 3.28117370e-21
 1.98197890e+01 3.25117370e-21
 1.98654940e+01 3.22144890e-21
 1.99113040e+01 3.19199680e-21
 1.99572190e+01 3.16281490e-21
 2.00032410e+01 3.13390070e-21
 2.00493690e+01 3.10525170e-21
 2.00956030e+01 3.07686550e-21
 2.01419430e+01 3.04873980e-21
 2.01883910e+01 3.02087200e-21
 2.02349450e+01 2.99325990e-21
 2.02816070e+01 2.96590100e-21
 2.03283770e+01 2.93879320e-21
 2.03752540e+01 2.91193390e-21
 2.04222400e+01 2.88532110e-21
 2.04693330e+01 2.85895240e-21
 2.05165360e+01 2.83282550e-21
 2.05638470e+01 2.80693830e-21
 2.06112680e+01 2.78128860e-21
 2.06587970e+01 2.75587410e-21
 2.07064370e+01 2.73069280e-21
 2.07541860e+01 2.70574240e-21
 2.08020450e+01 2.68102090e-21
 2.08500150e+01 2.65652610e-21
 2.08980950e+01 2.63225610e-21
 2.09462860e+01 2.60820860e-21
 2.09945890e+01 2.58438170e-21
 2.10430020e+01 2.56077340e-21
 2.10915280e+01 2.53738160e-21
 2.11401650e+01 2.51420440e-21
 2.11889140e+01 2.49123980e-21
 2.12377760e+01 2.46848580e-21
 2.12867500e+01 2.44594050e-21
 2.13358380e+01 2.42360200e-21
 2.13850390e+01 2.40146840e-21
 2.14343530e+01 2.37953780e-21
 2.14837800e+01 2.35780830e-21
 2.15333220e+01 2.33627820e-21
 2.15829780e+01 2.31494560e-21
 2.16327490e+01 2.29380860e-21
 2.16826340e+01 2.27286550e-21
 2.17326340e+01 2.25211450e-21
 2.17827500e+01 2.23155380e-21
 2.18329810e+01 2.21118170e-21
 2.18833280e+01 2.19099650e-21
 2.19337910e+01 2.17099640e-21
 2.19843710e+01 2.15117980e-21
 2.20350670e+01 2.13154490e-21
 2.20858800e+01 2.11209010e-21
 2.21368100e+01 2.09281380e-21
 2.21878580e+01 2.07371430e-21
 2.22390230e+01 2.05478990e-21
 2.22903060e+01 2.03603910e-21
 2.23417080e+01 2.01746040e-21
 2.23932280e+01 1.99905200e-21
 2.24448670e+01 1.98081250e-21
 2.24966250e+01 1.96274030e-21
 2.25485030e+01 1.94483380e-21
 2.26005000e+01 1.92709160e-21
 2.26526170e+01 1.90951210e-21
 2.27048540e+01 1.89209390e-21
 2.27572110e+01 1.87483540e-21
 2.28096890e+01 1.85773520e-21
 2.28622890e+01 1.84079190e-21
 2.29150090e+01 1.82400400e-21
 2.29678520e+01 1.80737010e-21
 2.30208160e+01 1.79088870e-21
 2.30739020e+01 1.77455850e-21
 2.31271100e+01 1.75837810e-21
 2.31804420e+01 1.74234610e-21
 2.32338960e+01 1.72646120e-21
 2.32874740e+01 1.71072200e-21
 2.33411750e+01 1.69512710e-21
 2.33950000e+01 1.67967530e-21
 2.34489490e+01 1.66436520e-21
 2.35030220e+01 1.64919560e-21
 2.35572200e+01 1.63416500e-21
 2.36115430e+01 1.61927240e-21
 2.36659920e+01 1.60451640e-21
 2.37205660e+01 1.58989570e-21
 2.37752650e+01 1.57540910e-21
 2.38300910e+01 1.56105540e-21
 2.38850440e+01 1.54683330e-21
 2.39401230e+01 1.53274180e-21
 2.39953290e+01 1.51877940e-21
 2.40506620e+01 1.50494520e-21
 2.41061230e+01 1.49123780e-21
 2.41617120e+01 1.47765620e-21
 2.42174290e+01 1.46419910e-21
 2.42732750e+01 1.45086550e-21
 2.43292490e+01 1.43765420e-21
 2.43853530e+01 1.42456410e-21
 2.44415860e+01 1.41159410e-21
 2.44979480e+01 1.39874300e-21
 2.45544410e+01 1.38600980e-21
 2.46110630e+01 1.37339340e-21
 2.46678170e+01 1.36089270e-21
 2.47247010e+01 1.34850680e-21
 2.47817160e+01 1.33623440e-21
 2.48388630e+01 1.32407460e-21
 2.48961420e+01 1.31202630e-21
 2.49535520e+01 1.30008860e-21
 2.50110950e+01 1.28826040e-21
 2.50687710e+01 1.27654060e-21
 2.51265800e+01 1.26492840e-21
 2.51845220e+01 1.25342270e-21
 2.52425980e+01 1.24202260e-21
 2.53008070e+01 1.23072700e-21
 2.53591510e+01 1.21953500e-21
 2.54176300e+01 1.20844570e-21
 2.54762430e+01 1.19745820e-21
 2.55349910e+01 1.18657140e-21
 2.55938750e+01 1.17578450e-21
 2.56528950e+01 1.16509650e-21
 2.57120500e+01 1.15450660e-21
 2.57713430e+01 1.14401390e-21
 2.58307720e+01 1.13361740e-21
 2.58903380e+01 1.12331630e-21
 2.59500410e+01 1.11310960e-21
 2.60098820e+01 1.10299670e-21
 2.60698610e+01 1.09297640e-21
 2.61299780e+01 1.08304810e-21
 2.61902340e+01 1.07321090e-21
 2.62506290e+01 1.06346400e-21
 2.63111630e+01 1.05380640e-21
 2.63718370e+01 1.04423750e-21
 2.64326500e+01 1.03475630e-21
 2.64936040e+01 1.02536220e-21
 2.65546990e+01 1.01605420e-21
 2.66159340e+01 1.00683160e-21
 2.66773110e+01 9.97693570e-22
 2.67388290e+01 9.88639420e-22
 2.68004890e+01 9.79668340e-22
 2.68622910e+01 9.70779560e-22
 2.69242360e+01 9.61972330e-22
 2.69863230e+01 9.53245900e-22
 2.70485540e+01 9.44599540e-22
 2.71109280e+01 9.36032500e-22
 2.71734460e+01 9.27544070e-22
 2.72361080e+01 9.19133510e-22
 2.72989150e+01 9.10800130e-22
 2.73618660e+01 9.02543200e-22
 2.74249630e+01 8.94362030e-22
 2.74882050e+01 8.86255920e-22
 2.75515930e+01 8.78224190e-22
 2.76151270e+01 8.70266150e-22
 2.76788080e+01 8.62381130e-22
 2.77426360e+01 8.54568450e-22
 2.78066100e+01 8.46827470e-22
 2.78707320e+01 8.39157510e-22
 2.79350030e+01 8.31557930e-22
 2.79994210e+01 8.24028080e-22
 2.80639880e+01 8.16567320e-22
 2.81287040e+01 8.09175020e-22
 2.81935690e+01 8.01850560e-22
 2.82585830e+01 7.94593300e-22
 2.83237480e+01 7.87402640e-22
 2.83890620e+01 7.80277960e-22
 2.84545280e+01 7.73218660e-22
 2.85201440e+01 7.66224140e-22
 2.85859120e+01 7.59293810e-22
 2.86518310e+01 7.52427070e-22
 2.87179030e+01 7.45623350e-22
 2.87841260e+01 7.38882060e-22
 2.88505030e+01 7.32202640e-22
 2.89170320e+01 7.25584510e-22
 2.89837150e+01 7.19027120e-22
 2.90505520e+01 7.12529910e-22
 2.91175430e+01 7.06092330e-22
 2.91846880e+01 6.99713830e-22
 2.92519880e+01 6.93393870e-22
 2.93194430e+01 6.87131910e-22
 2.93870540e+01 6.80927420e-22
 2.94548210e+01 6.74779880e-22
 2.95227440e+01 6.68688760e-22
 2.95908240e+01 6.62653540e-22
 2.96590600e+01 6.56673720e-22
 2.97274540e+01 6.50748780e-22
 2.97960060e+01 6.44878230e-22
 2.98647160e+01 6.39061560e-22
 2.99335840e+01 6.33298280e-22
 3.00026110e+01 6.27587910e-22
 3.00717970e+01 6.21929940e-22
 3.01411430e+01 6.16323920e-22
 3.02106490e+01 6.10769350e-22
 3.02803150e+01 6.05265780e-22
 3.03501420e+01 5.99812720e-22
 3.04201290e+01 5.94409730e-22
 3.04902780e+01 5.89056330e-22
 3.05605890e+01 5.83752080e-22
 3.06310620e+01 5.78496520e-22
 3.07016970e+01 5.73289220e-22
 3.07724960e+01 5.68129720e-22
 3.08434570e+01 5.63017580e-22
 3.09145830e+01 5.57952390e-22
 3.09858720e+01 5.52933700e-22
 3.10573260e+01 5.47961080e-22
 3.11289440e+01 5.43034130e-22
 3.12007280e+01 5.38152410e-22
 3.12726770e+01 5.33315510e-22
 3.13447920e+01 5.28523030e-22
 3.14170730e+01 5.23774560e-22
 3.14895210e+01 5.19069680e-22
 3.15621360e+01 5.14408020e-22
 3.16349190e+01 5.09789160e-22
 3.17078690e+01 5.05212710e-22
 3.17809880e+01 5.00678290e-22
 3.18542750e+01 4.96185520e-22
 3.19277310e+01 4.91734010e-22
 3.20013570e+01 4.87323380e-22
 3.20751520e+01 4.82953250e-22
 3.21491180e+01 4.78623270e-22
 3.22232540e+01 4.74333060e-22
 3.22975610e+01 4.70082250e-22
 3.23720390e+01 4.65870490e-22
 3.24466890e+01 4.61697410e-22
 3.25215120e+01 4.57562670e-22
 3.25965060e+01 4.53465910e-22
 3.26716740e+01 4.49406780e-22
 3.27470150e+01 4.45384940e-22
 3.28225300e+01 4.41400050e-22
 3.28982190e+01 4.37451770e-22
 3.29740830e+01 4.33539770e-22
 3.30501210e+01 4.29663710e-22
 3.31263350e+01 4.25823260e-22
 3.32027250e+01 4.22018090e-22
 3.32792900e+01 4.18247900e-22
 3.33560330e+01 4.14512340e-22
 3.34329520e+01 4.10811120e-22
 3.35100490e+01 4.07143900e-22
 3.35873230e+01 4.03510390e-22
 3.36647760e+01 3.99910270e-22
 3.37424070e+01 3.96343240e-22
 3.38202170e+01 3.92808990e-22
 3.38982070e+01 3.89307230e-22
 3.39763760e+01 3.85837650e-22
 3.40547260e+01 3.82399970e-22
 3.41332570e+01 3.78993880e-22
 3.42119680e+01 3.75619110e-22
 3.42908610e+01 3.72275360e-22
 3.43699360e+01 3.68962350e-22
 3.44491940e+01 3.65679810e-22
 3.45286340e+01 3.62427440e-22
 3.46082570e+01 3.59204980e-22
 3.46880640e+01 3.56012150e-22
 3.47680550e+01 3.52848680e-22
 3.48482300e+01 3.49714300e-22
 3.49285900e+01 3.46608740e-22
 3.50091360e+01 3.43531750e-22
 3.50898670e+01 3.40483050e-22
 3.51707850e+01 3.37462400e-22
 3.52518890e+01 3.34469530e-22
 3.53331800e+01 3.31504200e-22
 3.54146590e+01 3.28566140e-22
 3.54963250e+01 3.25655110e-22
 3.55781800e+01 3.22770870e-22
 3.56602240e+01 3.19913160e-22
 3.57424560e+01 3.17081740e-22
 3.58248790e+01 3.14276380e-22
 3.59074910e+01 3.11496840e-22
 3.59902940e+01 3.08742870e-22
 3.60732880e+01 3.06014260e-22
 3.61564730e+01 3.03310750e-22
 3.62398500e+01 3.00632130e-22
 3.63234200e+01 2.97978170e-22
 3.64071820e+01 2.95348640e-22
 3.64911370e+01 2.92743320e-22
 3.65752860e+01 2.90161980e-22
 3.66596290e+01 2.87604420e-22
 3.67441660e+01 2.85070400e-22
 3.68288980e+01 2.82559720e-22
 3.69138260e+01 2.80072160e-22
 3.69989500e+01 2.77607520e-22
 3.70842700e+01 2.75165570e-22
 3.71697860e+01 2.72746120e-22
 3.72555000e+01 2.70348960e-22
 3.73414120e+01 2.67973880e-22
 3.74275210e+01 2.65620690e-22
 3.75138290e+01 2.63289180e-22
 3.76003360e+01 2.60979150e-22
 3.76870430e+01 2.58690420e-22
 3.77739500e+01 2.56422780e-22
 3.78610570e+01 2.54176040e-22
 3.79483650e+01 2.51950010e-22
 3.80358740e+01 2.49744510e-22
 3.81235850e+01 2.47559340e-22
 3.82114980e+01 2.45394320e-22
 3.82996140e+01 2.43249260e-22
 3.83879330e+01 2.41123990e-22
 3.84764560e+01 2.39018320e-22
 3.85651830e+01 2.36932080e-22
 3.86541150e+01 2.34865080e-22
 3.87432510e+01 2.32817150e-22
 3.88325940e+01 2.30788120e-22
 3.89221420e+01 2.28777810e-22
 3.90118970e+01 2.26786060e-22
 3.91018580e+01 2.24812690e-22
 3.91920280e+01 2.22857540e-22
 3.92824050e+01 2.20920440e-22
 3.93729900e+01 2.19001220e-22
 3.94637850e+01 2.17099730e-22
 3.95547880e+01 2.15215800e-22
 3.96460020e+01 2.13349270e-22
 3.97374260e+01 2.11499980e-22
 3.98290610e+01 2.09667770e-22
 3.99209070e+01 2.07852500e-22
 4.00129650e+01 2.06054000e-22
 4.01052350e+01 2.04272130e-22
 4.01977180e+01 2.02506720e-22
 4.02904140e+01 2.00757640e-22
 4.03833240e+01 1.99024730e-22
 4.04764490e+01 1.97307840e-22
 4.05697880e+01 1.95606830e-22
 4.06633420e+01 1.93921560e-22
 4.07571120e+01 1.92251880e-22
 4.08510980e+01 1.90597640e-22
 4.09453010e+01 1.88958720e-22
 4.10397210e+01 1.87334960e-22
 4.11343590e+01 1.85726230e-22
 4.12292150e+01 1.84132400e-22
 4.13242900e+01 1.82553330e-22
 4.14195840e+01 1.80988880e-22
 4.15150980e+01 1.79438920e-22
 4.16108320e+01 1.77903330e-22
 4.17067870e+01 1.76381960e-22
 4.18029630e+01 1.74874690e-22
 4.18993610e+01 1.73381390e-22
 4.19959820e+01 1.71901930e-22
 4.20928250e+01 1.70436200e-22
 4.21898910e+01 1.68984050e-22
 4.22871810e+01 1.67545380e-22
 4.23846960e+01 1.66120050e-22
 4.24824350e+01 1.64707950e-22
 4.25804000e+01 1.63308960e-22
 4.26785910e+01 1.61922950e-22
 4.27770080e+01 1.60549820e-22
 4.28756520e+01 1.59189430e-22
 4.29745240e+01 1.57841680e-22
 4.30736230e+01 1.56506450e-22
 4.31729510e+01 1.55183630e-22
 4.32725080e+01 1.53873110e-22
 4.33722950e+01 1.52574760e-22
 4.34723120e+01 1.51288500e-22
 4.35725590e+01 1.50014190e-22
 4.36730380e+01 1.48751740e-22
 4.37737480e+01 1.47501040e-22
 4.38746910e+01 1.46261970e-22
 4.39758660e+01 1.45034450e-22
 4.40772750e+01 1.43818350e-22
 4.41789180e+01 1.42613580e-22
 4.42807950e+01 1.41420030e-22
 4.43829060e+01 1.40237610e-22
 4.44852540e+01 1.39066210e-22
 4.45878370e+01 1.37905730e-22
 4.46906570e+01 1.36756070e-22
 4.47937140e+01 1.35617140e-22
 4.48970090e+01 1.34488830e-22
 4.50005410e+01 1.33371060e-22
 4.51043130e+01 1.32263720e-22
 4.52083240e+01 1.31166730e-22
 4.53125750e+01 1.30079980e-22
 4.54170660e+01 1.29003390e-22
 4.55217980e+01 1.27936860e-22
 4.56267720e+01 1.26880300e-22
 4.57319870e+01 1.25833630e-22
 4.58374460e+01 1.24796750e-22
 4.59431470e+01 1.23769570e-22
 4.60490920e+01 1.22752010e-22
 4.61552820e+01 1.21743980e-22
 4.62617160e+01 1.20745390e-22
 4.63683960e+01 1.19756160e-22
 4.64753220e+01 1.18776200e-22
 4.65824940e+01 1.17805430e-22
 4.66899140e+01 1.16843770e-22
 4.67975810e+01 1.15891140e-22
 4.69054970e+01 1.14947440e-22
 4.70136610e+01 1.14012610e-22
 4.71220750e+01 1.13086560e-22
 4.72307390e+01 1.12169220e-22
 4.73396540e+01 1.11260490e-22
 4.74488190e+01 1.10360320e-22
 4.75582360e+01 1.09468610e-22
 4.76679060e+01 1.08585300e-22
 4.77778290e+01 1.07710310e-22
 4.78880050e+01 1.06843550e-22
 4.79984350e+01 1.05984970e-22
 4.81091200e+01 1.05134480e-22
 4.82200600e+01 1.04292010e-22
 4.83312550e+01 1.03457490e-22
 4.84427080e+01 1.02630850e-22
 4.85544170e+01 1.01812020e-22
 4.86663840e+01 1.01000920e-22
 4.87786090e+01 1.00197490e-22
 4.88910930e+01 9.94016520e-23
 4.90038360e+01 9.86133470e-23
 4.91168390e+01 9.78325040e-23
 4.92301030e+01 9.70590550e-23
 4.93436280e+01 9.62929340e-23
 4.94574150e+01 9.55340760e-23
 4.95714640e+01 9.47824130e-23
 4.96857760e+01 9.40378830e-23
 4.98003520e+01 9.33004200e-23
 4.99151920e+01 9.25699620e-23
 5.00302970e+01 9.18464450e-23
 5.01456670e+01 9.11298070e-23
 5.02613030e+01 9.04199860e-23
 5.03772060e+01 8.97169210e-23
 5.04933760e+01 8.90205510e-23
 5.06098140e+01 8.83308160e-23
 5.07265210e+01 8.76476560e-23
 5.08434970e+01 8.69710120e-23
 5.09607420e+01 8.63008270e-23
 5.10782580e+01 8.56370410e-23
 5.11960450e+01 8.49795980e-23
 5.13141030e+01 8.43284400e-23
 5.14324340e+01 8.36835110e-23
 5.15510380e+01 8.30447550e-23
 5.16699150e+01 8.24121170e-23
 5.17890660e+01 8.17855420e-23
 5.19084920e+01 8.11649750e-23
 5.20281930e+01 8.05503630e-23
 5.21481710e+01 7.99416520e-23
 5.22684250e+01 7.93387890e-23
 5.23889560e+01 7.87417220e-23
 5.25097660e+01 7.81503990e-23
 5.26308540e+01 7.75647680e-23
 5.27522210e+01 7.69847780e-23
 5.28738680e+01 7.64103790e-23
 5.29957950e+01 7.58415200e-23
 5.31180040e+01 7.52781520e-23
 5.32404950e+01 7.47202260e-23
 5.33632680e+01 7.41676930e-23
 5.34863240e+01 7.36205040e-23
 5.36096630e+01 7.30786120e-23
 5.37332880e+01 7.25419690e-23
 5.38571970e+01 7.20105280e-23
 5.39813920e+01 7.14842420e-23
 5.41058740e+01 7.09630650e-23
 5.42306420e+01 7.04469520e-23
 5.43556990e+01 6.99358570e-23
 5.44810430e+01 6.94297350e-23
 5.46066770e+01 6.89285410e-23
 5.47326000e+01 6.84322320e-23
 5.48588140e+01 6.79407630e-23
 5.49853190e+01 6.74540910e-23
 5.51121160e+01 6.69721730e-23
 5.52392050e+01 6.64949660e-23
 5.53665870e+01 6.60224290e-23
 5.54942620e+01 6.55545190e-23
 5.56222330e+01 6.50911940e-23
 5.57504980e+01 6.46324140e-23
 5.58790590e+01 6.41781380e-23
 5.60079160e+01 6.37283250e-23
 5.61370710e+01 6.32829360e-23
 5.62665240e+01 6.28419300e-23
 5.63962750e+01 6.24052680e-23
 5.65263250e+01 6.19729120e-23
 5.66566750e+01 6.15448220e-23
 5.67873260e+01 6.11209600e-23
 5.69182780e+01 6.07012890e-23
 5.70495320e+01 6.02857700e-23
 5.71810880e+01 5.98743660e-23
 5.73129480e+01 5.94670410e-23
 5.74451130e+01 5.90637570e-23
 5.75775810e+01 5.86644780e-23
 5.77103560e+01 5.82691680e-23
 5.78434360e+01 5.78777910e-23
 5.79768240e+01 5.74903130e-23
 5.81105190e+01 5.71066970e-23
 5.82445220e+01 5.67269090e-23
 5.83788340e+01 5.63509140e-23
 5.85134560e+01 5.59786790e-23
 5.86483890e+01 5.56101690e-23
 5.87836320e+01 5.52453510e-23
 5.89191880e+01 5.48841910e-23
 5.90550560e+01 5.45266560e-23
 5.91912370e+01 5.41727140e-23
 5.93277330e+01 5.38223320e-23
 5.94645430e+01 5.34754770e-23
 5.96016690e+01 5.31321190e-23
 5.97391110e+01 5.27922240e-23
 5.98768700e+01 5.24557620e-23
 6.00149460e+01 5.21227020e-23
 6.01533410e+01 5.17930130e-23
 6.02920550e+01 5.14666640e-23
 6.04310890e+01 5.11436250e-23
 6.05704430e+01 5.08238650e-23
 6.07101190e+01 5.05073550e-23
 6.08501170e+01 5.01940660e-23
 6.09904380e+01 4.98839680e-23
 6.11310830e+01 4.95770310e-23
 6.12720510e+01 4.92732280e-23
 6.14133450e+01 4.89725290e-23
 6.15549650e+01 4.86749060e-23
 6.16969110e+01 4.83803310e-23
 6.18391850e+01 4.80887770e-23
 6.19817860e+01 4.78002140e-23
 6.21247170e+01 4.75146170e-23
 6.22679770e+01 4.72319570e-23
 6.24115670e+01 4.69522090e-23
 6.25554890e+01 4.66753440e-23
 6.26997420e+01 4.64013370e-23
 6.28443280e+01 4.61301620e-23
 6.29892480e+01 4.58617910e-23
 6.31345010e+01 4.55962000e-23
 6.32800900e+01 4.53333630e-23
 6.34260140e+01 4.50732540e-23
 6.35722750e+01 4.48158480e-23
 6.37188740e+01 4.45611190e-23
 6.38658100e+01 4.43090450e-23
 6.40130850e+01 4.40595980e-23
 6.41606990e+01 4.38127560e-23
 6.43086550e+01 4.35684940e-23
 6.44569510e+01 4.33267870e-23
 6.46055890e+01 4.30876130e-23
 6.47545700e+01 4.28509470e-23
 6.49038940e+01 4.26167670e-23
 6.50535630e+01 4.23850480e-23
 6.52035770e+01 4.21557680e-23
 6.53539370e+01 4.19289040e-23
 6.55046440e+01 4.17044330e-23
 6.56556980e+01 4.14823330e-23
 6.58071010e+01 4.12625810e-23
 6.59588520e+01 4.10451560e-23
 6.61109540e+01 4.08300350e-23
 6.62634060e+01 4.06171970e-23
 6.64162100e+01 4.04066200e-23
 6.65693670e+01 4.01982830e-23
 6.67228760e+01 3.99921640e-23
 6.68767400e+01 3.97882420e-23
 6.70309580e+01 3.95864970e-23
 6.71855320e+01 3.93869080e-23
 6.73404620e+01 3.91894540e-23
 6.74957500e+01 3.89941150e-23
 6.76513950e+01 3.88008710e-23
 6.78074000e+01 3.86097010e-23
 6.79637640e+01 3.84205860e-23
 6.81204890e+01 3.82335050e-23
 6.82775760e+01 3.80484410e-23
 6.84350240e+01 3.78653720e-23
 6.85928360e+01 3.76842800e-23
 6.87510120e+01 3.75051460e-23
 6.89095520e+01 3.73279500e-23
 6.90684580e+01 3.71526740e-23
 6.92277300e+01 3.69793000e-23
 6.93873700e+01 3.68078090e-23
 6.95473780e+01 3.66381820e-23
 6.97077550e+01 3.64704010e-23
 6.98685010e+01 3.63044490e-23
 7.00296190e+01 3.61403070e-23
 7.01911070e+01 3.59779580e-23
 7.03529690e+01 3.58173850e-23
 7.05152030e+01 3.56585680e-23
 7.06778120e+01 3.55014930e-23
 7.08407950e+01 3.53461400e-23
 7.10041550e+01 3.51924940e-23
 7.11678910e+01 3.50405380e-23
 7.13320040e+01 3.48902540e-23
 7.14964970e+01 3.47416260e-23
 7.16613680e+01 3.45946370e-23
 7.18266200e+01 3.44492720e-23
 7.19922520e+01 3.43055150e-23
 7.21582670e+01 3.41633480e-23
 7.23246650e+01 3.40227560e-23
 7.24914460e+01 3.38837240e-23
 7.26586120e+01 3.37462360e-23
 7.28261630e+01 3.36102760e-23
 7.29941010e+01 3.34758290e-23
 7.31624260e+01 3.33428790e-23
 7.33311390e+01 3.32114120e-23
 7.35002410e+01 3.30814130e-23
 7.36697330e+01 3.29528660e-23
 7.38396160e+01 3.28257570e-23
 7.40098910e+01 3.27000710e-23
 7.41805580e+01 3.25757950e-23
 7.43516190e+01 3.24529120e-23
 7.45230740e+01 3.23314100e-23
 7.46949250e+01 3.22112740e-23
 7.48671720e+01 3.20924910e-23
 7.50398170e+01 3.19750450e-23
 7.52128590e+01 3.18589240e-23
 7.53863000e+01 3.17441140e-23
 7.55601420e+01 3.16306010e-23
 7.57343840e+01 3.15183720e-23
 7.59090280e+01 3.14074140e-23
 7.60840750e+01 3.12977140e-23
 7.62595250e+01 3.11892580e-23
 7.64353800e+01 3.10820330e-23
 7.66116410e+01 3.09760270e-23
 7.67883080e+01 3.08712270e-23
 7.69653820e+01 3.07676210e-23
 7.71428650e+01 3.06651960e-23
 7.73207570e+01 3.05639390e-23
 7.74990600e+01 3.04638390e-23
 7.76777730e+01 3.03648830e-23
 7.78568980e+01 3.02670590e-23
 7.80364370e+01 3.01703560e-23
 7.82163900e+01 3.00747610e-23
 7.83967570e+01 2.99802630e-23
 7.85775410e+01 2.98868500e-23
 7.87587410e+01 2.97945110e-23
 7.89403590e+01 2.97032340e-23
 7.91223970e+01 2.96130080e-23
 7.93048530e+01 2.95238220e-23
 7.94877310e+01 2.94356650e-23
 7.96710300e+01 2.93485260e-23
 7.98547520e+01 2.92623940e-23
 8.00388980e+01 2.91772580e-23
 8.02234680e+01 2.90931070e-23
 8.04084640e+01 2.90099320e-23
 8.05938870e+01 2.89277210e-23
 8.07797370e+01 2.88464650e-23
 8.09660160e+01 2.87661520e-23
 8.11527240e+01 2.86867740e-23
 8.13398630e+01 2.86083190e-23
 8.15274330e+01 2.85307780e-23
 8.17154360e+01 2.84541410e-23
 8.19038720e+01 2.83783980e-23
 8.20927430e+01 2.83035390e-23
 8.22820500e+01 2.82295560e-23
 8.24717930e+01 2.81564380e-23
 8.26619730e+01 2.80841760e-23
 8.28525920e+01 2.80127600e-23
 8.30436510e+01 2.79421830e-23
 8.32351500e+01 2.78724330e-23
 8.34270910e+01 2.78035030e-23
 8.36194750e+01 2.77353840e-23
 8.38123020e+01 2.76680660e-23
 8.40055740e+01 2.76015410e-23
 8.41992910e+01 2.75358000e-23
 8.43934560e+01 2.74708350e-23
 8.45880670e+01 2.74066370e-23
 8.47831280e+01 2.73431980e-23
 8.49786390e+01 2.72805090e-23
 8.51746000e+01 2.72185620e-23
 8.53710130e+01 2.71573500e-23
 8.55678800e+01 2.70968630e-23
 8.57652000e+01 2.70370940e-23
 8.59629750e+01 2.69780360e-23
 8.61612060e+01 2.69196790e-23
 8.63598950e+01 2.68620170e-23
 8.65590410e+01 2.68050420e-23
 8.67586470e+01 2.67487470e-23
 8.69587130e+01 2.66931230e-23
 8.71592410e+01 2.66381630e-23
 8.73602310e+01 2.65838610e-23
 8.75616840e+01 2.65302080e-23
 8.77636020e+01 2.64771980e-23
 8.79659850e+01 2.64248230e-23
 8.81688360e+01 2.63730770e-23
 8.83721540e+01 2.63219530e-23
 8.85759400e+01 2.62714430e-23
 8.87801970e+01 2.62215410e-23
 8.89849250e+01 2.61722400e-23
 8.91901250e+01 2.61235330e-23
 8.93957980e+01 2.60754150e-23
 8.96019450e+01 2.60278780e-23
 8.98085680e+01 2.59809150e-23
 9.00156670e+01 2.59345220e-23
 9.02232440e+01 2.58886900e-23
 9.04313000e+01 2.58434140e-23
 9.06398350e+01 2.57986890e-23
 9.08488510e+01 2.57545070e-23
 9.10583490e+01 2.57108630e-23
 9.12683310e+01 2.56677500e-23
 9.14787960e+01 2.56251640e-23
 9.16897470e+01 2.55830970e-23
 9.19011840e+01 2.55415450e-23
 9.21131090e+01 2.55005010e-23
 9.23255220e+01 2.54599610e-23
 9.25384260e+01 2.54199170e-23
 9.27518200e+01 2.53803660e-23
 9.29657070e+01 2.53413010e-23
 9.31800860e+01 2.53027170e-23
 9.33949600e+01 2.52646090e-23
 9.36103300e+01 2.52269710e-23
 9.38261960e+01 2.51897990e-23
 9.40425600e+01 2.51530860e-23
 9.42594230e+01 2.51168290e-23
 9.44767860e+01 2.50810220e-23
 9.46946500e+01 2.50456590e-23
 9.49130160e+01 2.50107370e-23
 9.51318860e+01 2.49762510e-23
 9.53512610e+01 2.49421940e-23
 9.55711420e+01 2.49085640e-23
 9.57915300e+01 2.48753540e-23
 9.60124260e+01 2.48425610e-23
 9.62338310e+01 2.48101800e-23
 9.64557470e+01 2.47782060e-23
 9.66781750e+01 2.47466350e-23
 9.69011150e+01 2.47154630e-23
 9.71245700e+01 2.46846840e-23
 9.73485400e+01 2.46542950e-23
 9.75730270e+01 2.46242920e-23
 9.77980310e+01 2.45946700e-23
 9.80235540e+01 2.45654260e-23
 9.82495970e+01 2.45365540e-23
 9.84761610e+01 2.45080510e-23
 9.87032480e+01 2.44799130e-23
 9.89308580e+01 2.44521370e-23
 9.91589940e+01 2.44247170e-23
 9.93876550e+01 2.43976500e-23
 9.96168440e+01 2.43709330e-23
 9.98465610e+01 2.43445610e-23
 1.00076810e+02 2.43185310e-23
 1.00307590e+02 2.42928400e-23
 1.00538900e+02 2.42674820e-23
 1.00770740e+02 2.42424560e-23
 1.01003120e+02 2.42177570e-23
 1.01236030e+02 2.41933820e-23
 1.01469480e+02 2.41693270e-23
 1.01703470e+02 2.41455890e-23
 1.01938000e+02 2.41221640e-23
 1.02173070e+02 2.40990500e-23
 1.02408680e+02 2.40762430e-23
 1.02644840e+02 2.40537390e-23
 1.02881540e+02 2.40315350e-23
 1.03118780e+02 2.40096290e-23
 1.03356580e+02 2.39880160e-23
 1.03594920e+02 2.39666950e-23
 1.03833810e+02 2.39456610e-23
 1.04073250e+02 2.39249120e-23
 1.04313240e+02 2.39044450e-23
 1.04553790e+02 2.38842570e-23
 1.04794890e+02 2.38643450e-23
 1.05036550e+02 2.38447060e-23
 1.05278760e+02 2.38253370e-23
 1.05521540e+02 2.38062350e-23
 1.05764870e+02 2.37873980e-23
 1.06008770e+02 2.37688220e-23
 1.06253220e+02 2.37505060e-23
 1.06498240e+02 2.37324460e-23
 1.06743830e+02 2.37146400e-23
 1.06989980e+02 2.36970850e-23
 1.07236700e+02 2.36797780e-23
 1.07483990e+02 2.36627180e-23
 1.07731850e+02 2.36459010e-23
 1.07980280e+02 2.36293250e-23
 1.08229280e+02 2.36129880e-23
 1.08478860e+02 2.35968870e-23
 1.08729010e+02 2.35810190e-23
 1.08979740e+02 2.35653830e-23
 1.09231050e+02 2.35499760e-23
 1.09482940e+02 2.35347960e-23
 1.09735410e+02 2.35198400e-23
 1.09988460e+02 2.35051060e-23
 1.10242090e+02 2.34905930e-23
 1.10496310e+02 2.34762970e-23
 1.10751120e+02 2.34622160e-23
 1.11006510e+02 2.34483500e-23
 1.11262490e+02 2.34346940e-23
 1.11519060e+02 2.34212480e-23
 1.11776230e+02 2.34080090e-23
 1.12033980e+02 2.33949750e-23
 1.12292340e+02 2.33821450e-23
 1.12551280e+02 2.33695150e-23
 1.12810830e+02 2.33570850e-23
 1.13070970e+02 2.33448520e-23
 1.13331710e+02 2.33328150e-23
 1.13593060e+02 2.33209710e-23
 1.13855000e+02 2.33093190e-23
 1.14117550e+02 2.32978560e-23
 1.14380710e+02 2.32865820e-23
 1.14644470e+02 2.32754940e-23
 1.14908840e+02 2.32645900e-23
 1.15173820e+02 2.32538690e-23
 1.15439420e+02 2.32433290e-23
 1.15705620e+02 2.32329690e-23
 1.15972440e+02 2.32227860e-23
 1.16239870e+02 2.32127790e-23
 1.16507920e+02 2.32029460e-23
 1.16776590e+02 2.31932860e-23
 1.17045880e+02 2.31837970e-23
 1.17315790e+02 2.31744780e-23
 1.17586320e+02 2.31653270e-23
 1.17857470e+02 2.31563420e-23
 1.18129250e+02 2.31475220e-23
 1.18401660e+02 2.31388660e-23
 1.18674690e+02 2.31303710e-23
 1.18948360e+02 2.31220370e-23
 1.19222650e+02 2.31138630e-23
 1.19497580e+02 2.31058460e-23
 1.19773140e+02 2.30979850e-23
 1.20049340e+02 2.30902790e-23
 1.20326180e+02 2.30827270e-23
 1.20603650e+02 2.30753260e-23
 1.20881760e+02 2.30680770e-23
 1.21160520e+02 2.30609770e-23
 1.21439910e+02 2.30540260e-23
 1.21719960e+02 2.30472210e-23
 1.22000640e+02 2.30405630e-23
 1.22281980e+02 2.30340480e-23
 1.22563960e+02 2.30276770e-23
 1.22846590e+02 2.30214480e-23
 1.23129880e+02 2.30153600e-23
 1.23413820e+02 2.30094120e-23
 1.23698410e+02 2.30036020e-23
 1.23983660e+02 2.29979290e-23
 1.24269570e+02 2.29923930e-23
 1.24556130e+02 2.29869910e-23
 1.24843360e+02 2.29817240e-23
 1.25131250e+02 2.29765890e-23
 1.25419810e+02 2.29715870e-23
 1.25709020e+02 2.29667150e-23
 1.25998910e+02 2.29619730e-23
 1.26289460e+02 2.29573590e-23
 1.26580690e+02 2.29528730e-23
 1.26872590e+02 2.29485140e-23
 1.27165150e+02 2.29442800e-23
 1.27458400e+02 2.29401720e-23
 1.27752320e+02 2.29361860e-23
 1.28046920e+02 2.29323240e-23
 1.28342190e+02 2.29285830e-23
 1.28638150e+02 2.29249640e-23
 1.28934790e+02 2.29214640e-23
 1.29232120e+02 2.29180830e-23
 1.29530130e+02 2.29148210e-23
 1.29828820e+02 2.29116760e-23
 1.30128210e+02 2.29086470e-23
 1.30428290e+02 2.29057340e-23
 1.30729060e+02 2.29029350e-23
 1.31030520e+02 2.29002510e-23
 1.31332680e+02 2.28976790e-23
 1.31635530e+02 2.28952200e-23
 1.31939080e+02 2.28928720e-23
 1.32243330e+02 2.28906350e-23
 1.32548290e+02 2.28885070e-23
 1.32853950e+02 2.28864890e-23
 1.33160310e+02 2.28845790e-23
 1.33467380e+02 2.28827770e-23
 1.33775150e+02 2.28810820e-23
 1.34083640e+02 2.28794930e-23
 1.34392840e+02 2.28780090e-23
 1.34702750e+02 2.28766300e-23
 1.35013370e+02 2.28753550e-23
 1.35324720e+02 2.28741830e-23
 1.35636780e+02 2.28731140e-23
 1.35949560e+02 2.28721470e-23
 1.36263060e+02 2.28712820e-23
 1.36577280e+02 2.28705170e-23
 1.36892230e+02 2.28698520e-23
 1.37207900e+02 2.28692860e-23
 1.37524310e+02 2.28688200e-23
 1.37841440e+02 2.28684510e-23
 1.38159300e+02 2.28681800e-23
 1.38477900e+02 2.28680060e-23
 1.38797230e+02 2.28679290e-23
 1.39117300e+02 2.28679470e-23
 1.39438100e+02 2.28680600e-23
 1.39759650e+02 2.28682680e-23
 1.40081930e+02 2.28685710e-23
 1.40404960e+02 2.28689660e-23
 1.40728740e+02 2.28694550e-23
 1.41053260e+02 2.28700360e-23
 1.41378530e+02 2.28707100e-23
 1.41704550e+02 2.28714750e-23
 1.42031320e+02 2.28723300e-23
 1.42358850e+02 2.28732760e-23
 1.42687130e+02 2.28743130e-23
 1.43016170e+02 2.28754380e-23
 1.43345960e+02 2.28766530e-23
 1.43676520e+02 2.28779560e-23
 1.44007840e+02 2.28793470e-23
 1.44339920e+02 2.28808260e-23
 1.44672770e+02 2.28823910e-23
 1.45006390e+02 2.28840440e-23
 1.45340770e+02 2.28857830e-23
 1.45675930e+02 2.28876070e-23
 1.46011860e+02 2.28895170e-23
 1.46348560e+02 2.28915120e-23
 1.46686040e+02 2.28935920e-23
 1.47024300e+02 2.28957560e-23
 1.47363340e+02 2.28980030e-23
 1.47703160e+02 2.29003340e-23
 1.48043770e+02 2.29027480e-23
 1.48385160e+02 2.29052450e-23
 1.48727340e+02 2.29078240e-23
 1.49070300e+02 2.29104840e-23
 1.49414060e+02 2.29132260e-23
 1.49758610e+02 2.29160500e-23
 1.50103950e+02 2.29189540e-23
 1.50450090e+02 2.29219380e-23
 1.50797030e+02 2.29250030e-23
 1.51144770e+02 2.29281470e-23
 1.51493310e+02 2.29313710e-23
 1.51842660e+02 2.29346740e-23
 1.52192810e+02 2.29380560e-23
 1.52543770e+02 2.29415160e-23
 1.52895530e+02 2.29450550e-23
 1.53248110e+02 2.29486710e-23
 1.53601500e+02 2.29523650e-23
 1.53955710e+02 2.29561360e-23
 1.54310730e+02 2.29599850e-23
 1.54666570e+02 2.29639100e-23
 1.55023240e+02 2.29679110e-23
 1.55380720e+02 2.29719890e-23
 1.55739030e+02 2.29761420e-23
 1.56098170e+02 2.29803720e-23
 1.56458130e+02 2.29846760e-23
 1.56818920e+02 2.29890560e-23
 1.57180550e+02 2.29935110e-23
 1.57543010e+02 2.29980400e-23
 1.57906300e+02 2.30026440e-23
 1.58270440e+02 2.30073220e-23
 1.58635410e+02 2.30120740e-23
 1.59001220e+02 2.30168990e-23
 1.59367880e+02 2.30217980e-23
 1.59735390e+02 2.30267710e-23
 1.60103740e+02 2.30318160e-23
 1.60472940e+02 2.30369350e-23
 1.60842990e+02 2.30421260e-23
 1.61213890e+02 2.30473890e-23
 1.61585650e+02 2.30527250e-23
 1.61958270e+02 2.30581330e-23
 1.62331750e+02 2.30636120e-23
 1.62706090e+02 2.30691640e-23
 1.63081290e+02 2.30747870e-23
 1.63457360e+02 2.30804810e-23
 1.63834290e+02 2.30862460e-23
 1.64212090e+02 2.30920830e-23
 1.64590770e+02 2.30979900e-23
 1.64970310e+02 2.31039680e-23
 1.65350740e+02 2.31100170e-23
 1.65732040e+02 2.31161360e-23
 1.66114220e+02 2.31223250e-23
 1.66497280e+02 2.31285840e-23
 1.66881220e+02 2.31349130e-23
 1.67266050e+02 2.31413120e-23
 1.67651770e+02 2.31477810e-23
 1.68038370e+02 2.31543190e-23
 1.68425870e+02 2.31609270e-23
 1.68814260e+02 2.31676030e-23
 1.69203550e+02 2.31743490e-23
 1.69593730e+02 2.31811640e-23
 1.69984820e+02 2.31880480e-23
 1.70376810e+02 2.31950010e-23
 1.70769700e+02 2.32020220e-23
 1.71163490e+02 2.32091120e-23
 1.71558200e+02 2.32162710e-23
 1.71953810e+02 2.32234980e-23
 1.72350340e+02 2.32307930e-23
 1.72747780e+02 2.32381560e-23
 1.73146140e+02 2.32455880e-23
 1.73545410e+02 2.32530880e-23
 1.73945610e+02 2.32606550e-23
 1.74346730e+02 2.32682900e-23
 1.74748770e+02 2.32759940e-23
 1.75151750e+02 2.32837640e-23
 1.75555650e+02 2.32916030e-23
 1.75960480e+02 2.32995090e-23
 1.76366250e+02 2.33074820e-23
 1.76772950e+02 2.33155230e-23
 1.77180590e+02 2.33236320e-23
 1.77589170e+02 2.33318070e-23
 1.77998690e+02 2.33400500e-23
 1.78409160e+02 2.33483600e-23
 1.78820570e+02 2.33567380e-23
 1.79232930e+02 2.33651820e-23
 1.79646240e+02 2.33736940e-23
 1.80060510e+02 2.33822720e-23
 1.80475730e+02 2.33909180e-23
 1.80891910e+02 2.33996300e-23
 1.81309050e+02 2.34084090e-23
 1.81727150e+02 2.34172560e-23
 1.82146210e+02 2.34261690e-23
 1.82566240e+02 2.34351490e-23
 1.82987240e+02 2.34441950e-23
 1.83409210e+02 2.34533090e-23
 1.83832150e+02 2.34624890e-23
 1.84256070e+02 2.34717360e-23
 1.84680970e+02 2.34810500e-23
 1.85106840e+02 2.34904300e-23
 1.85533700e+02 2.34998770e-23
 1.85961540e+02 2.35093910e-23
 1.86390370e+02 2.35189710e-23
 1.86820190e+02 2.35286190e-23
 1.87251000e+02 2.35383320e-23
 1.87682800e+02 2.35481130e-23
 1.88115600e+02 2.35579600e-23
 1.88549390e+02 2.35678740e-23
 1.88984190e+02 2.35778550e-23
 1.89419990e+02 2.35879020e-23
 1.89856790e+02 2.35980160e-23
 1.90294600e+02 2.36081970e-23
 1.90733430e+02 2.36184450e-23
 1.91173260e+02 2.36287590e-23
 1.91614110e+02 2.36391400e-23
 1.92055970e+02 2.36495880e-23
 1.92498850e+02 2.36601030e-23
 1.92942760e+02 2.36706840e-23
 1.93387680e+02 2.36813330e-23
 1.93833640e+02 2.36920490e-23
 1.94280620e+02 2.37028310e-23
 1.94728630e+02 2.37136800e-23
 1.95177680e+02 2.37245970e-23
 1.95627760e+02 2.37355800e-23
 1.96078880e+02 2.37466310e-23
 1.96531040e+02 2.37577490e-23
 1.96984240e+02 2.37689340e-23
 1.97438490e+02 2.37801860e-23
 1.97893780e+02 2.37915060e-23
 1.98350120e+02 2.38028930e-23
 1.98807520e+02 2.38143470e-23
 1.99265970e+02 2.38258690e-23
 1.99725480e+02 2.38374580e-23
 2.00186050e+02 2.38491150e-23
 2.00647680e+02 2.38608390e-23
 2.01110380e+02 2.38726310e-23
 2.01574140e+02 2.38844910e-23
 2.02038970e+02 2.38964180e-23
 2.02504870e+02 2.39084140e-23
 2.02971850e+02 2.39204770e-23
 2.03439910e+02 2.39326090e-23
 2.03909040e+02 2.39448080e-23
 2.04379260e+02 2.39570760e-23
 2.04850560e+02 2.39694120e-23
 2.05322940e+02 2.39818160e-23
 2.05796420e+02 2.39942880e-23
 2.06270990e+02 2.40068290e-23
 2.06746650e+02 2.40194390e-23
 2.07223410e+02 2.40321170e-23
 2.07701270e+02 2.40448640e-23
 2.08180230e+02 2.40576800e-23
 2.08660290e+02 2.40705640e-23
 2.09141470e+02 2.40835180e-23
 2.09623750e+02 2.40965400e-23
 2.10107140e+02 2.41096320e-23
 2.10591650e+02 2.41227930e-23
 2.11077280e+02 2.41360230e-23
 2.11564020e+02 2.41493230e-23
 2.12051890e+02 2.41626920e-23
 2.12540880e+02 2.41761310e-23
 2.13031000e+02 2.41896390e-23
 2.13522260e+02 2.42032180e-23
 2.14014640e+02 2.42168660e-23
 2.14508160e+02 2.42305840e-23
 2.15002820e+02 2.42443730e-23
 2.15498610e+02 2.42582310e-23
 2.15995560e+02 2.42721610e-23
 2.16493640e+02 2.42861600e-23
 2.16992880e+02 2.43002300e-23
 2.17493270e+02 2.43143710e-23
 2.17994810e+02 2.43285830e-23
 2.18497500e+02 2.43428660e-23
 2.19001360e+02 2.43572190e-23
 2.19506380e+02 2.43716440e-23
 2.20012560e+02 2.43861400e-23
 2.20519910e+02 2.44007080e-23
 2.21028440e+02 2.44153470e-23
 2.21538130e+02 2.44300570e-23
 2.22049000e+02 2.44448400e-23
 2.22561040e+02 2.44596940e-23
 2.23074270e+02 2.44746210e-23
 2.23588680e+02 2.44896190e-23
 2.24104280e+02 2.45046900e-23
 2.24621070e+02 2.45198340e-23
 2.25139040e+02 2.45350490e-23
 2.25658220e+02 2.45503380e-23
 2.26178590e+02 2.45656990e-23
 2.26700160e+02 2.45811340e-23
 2.27222930e+02 2.45966410e-23
 2.27746910e+02 2.46122220e-23
 2.28272090e+02 2.46278760e-23
 2.28798490e+02 2.46436040e-23
 2.29326100e+02 2.46594050e-23
 2.29854930e+02 2.46752800e-23
 2.30384970e+02 2.46912300e-23
 2.30916240e+02 2.47072530e-23
 2.31448740e+02 2.47233500e-23
 2.31982460e+02 2.47395220e-23
 2.32517410e+02 2.47557690e-23
 2.33053600e+02 2.47720900e-23
 2.33591020e+02 2.47884860e-23
 2.34129690e+02 2.48049570e-23
 2.34669590e+02 2.48215030e-23
 2.35210740e+02 2.48381250e-23
 2.35753140e+02 2.48548220e-23
 2.36296790e+02 2.48715940e-23
 2.36841690e+02 2.48884430e-23
 2.37387850e+02 2.49053670e-23
 2.37935270e+02 2.49223680e-23
 2.38483950e+02 2.49394440e-23
 2.39033890e+02 2.49565980e-23
 2.39585110e+02 2.49738280e-23
 2.40137590e+02 2.49911340e-23
 2.40691350e+02 2.50085180e-23
 2.41246390e+02 2.50259790e-23
 2.41802700e+02 2.50435170e-23
 2.42360300e+02 2.50611320e-23
 2.42919190e+02 2.50788250e-23
 2.43479360e+02 2.50965960e-23
 2.44040830e+02 2.51144450e-23
 2.44603590e+02 2.51323720e-23
 2.45167640e+02 2.51503770e-23
 2.45733000e+02 2.51684610e-23
 2.46299670e+02 2.51866230e-23
 2.46867630e+02 2.52048650e-23
 2.47436910e+02 2.52231850e-23
 2.48007500e+02 2.52415850e-23
 2.48579410e+02 2.52600640e-23
 2.49152640e+02 2.52786220e-23
 2.49727190e+02 2.52972600e-23
 2.50303060e+02 2.53159790e-23
 2.50880260e+02 2.53347770e-23
 2.51458790e+02 2.53536560e-23
 2.52038660e+02 2.53726150e-23
 2.52619860e+02 2.53916550e-23
 2.53202400e+02 2.54107750e-23
 2.53786290e+02 2.54299770e-23
 2.54371520e+02 2.54492600e-23
 2.54958110e+02 2.54686250e-23
 2.55546040e+02 2.54880710e-23
 2.56135330e+02 2.55075990e-23
 2.56725980e+02 2.55272090e-23
 2.57317990e+02 2.55469010e-23
 2.57911370e+02 2.55666760e-23
 2.58506120e+02 2.55865330e-23
 2.59102230e+02 2.56064730e-23
 2.59699730e+02 2.56264960e-23
 2.60298590e+02 2.56466020e-23
 2.60898850e+02 2.56667920e-23
 2.61500480e+02 2.56870650e-23
 2.62103500e+02 2.57074220e-23
 2.62707920e+02 2.57278640e-23
 2.63313720e+02 2.57483890e-23
 2.63920920e+02 2.57689990e-23
 2.64529530e+02 2.57896930e-23
 2.65139540e+02 2.58104730e-23
 2.65750950e+02 2.58313370e-23
 2.66363770e+02 2.58522860e-23
 2.66978010e+02 2.58733220e-23
 2.67593660e+02 2.58944420e-23
 2.68210740e+02 2.59156490e-23
 2.68829230e+02 2.59369420e-23
 2.69449150e+02 2.59583210e-23
 2.70070510e+02 2.59797870e-23
 2.70693290e+02 2.60013390e-23
 2.71317510e+02 2.60229780e-23
 2.71943170e+02 2.60447050e-23
 2.72570280e+02 2.60665190e-23
 2.73198820e+02 2.60884200e-23
 2.73828820e+02 2.61104100e-23
 2.74460270e+02 2.61324870e-23
 2.75093180e+02 2.61546530e-23
 2.75727550e+02 2.61769070e-23
 2.76363380e+02 2.61992500e-23
 2.77000670e+02 2.62216820e-23
 2.77639440e+02 2.62442020e-23
 2.78279680e+02 2.62668130e-23
 2.78921390e+02 2.62895130e-23
 2.79564590e+02 2.63123030e-23
 2.80209270e+02 2.63351830e-23
 2.80855430e+02 2.63581530e-23
 2.81503090e+02 2.63812130e-23
 2.82152230e+02 2.64043650e-23
 2.82802880e+02 2.64276070e-23
 2.83455030e+02 2.64509410e-23
 2.84108680e+02 2.64743660e-23
 2.84763830e+02 2.64978830e-23
 2.85420500e+02 2.65214910e-23
 2.86078680e+02 2.65451920e-23
 2.86738380e+02 2.65689850e-23
 2.87399600e+02 2.65928710e-23
 2.88062350e+02 2.66168490e-23
 2.88726620e+02 2.66409210e-23
 2.89392430e+02 2.66650860e-23
 2.90059770e+02 2.66893440e-23
 2.90728650e+02 2.67136970e-23
 2.91399070e+02 2.67381430e-23
 2.92071040e+02 2.67626840e-23
 2.92744560e+02 2.67873190e-23
 2.93419630e+02 2.68120490e-23
 2.94096260e+02 2.68368740e-23
 2.94774440e+02 2.68617940e-23
 2.95454200e+02 2.68868090e-23
 2.96135520e+02 2.69119200e-23
 2.96818410e+02 2.69371280e-23
 2.97502870e+02 2.69624310e-23
 2.98188920e+02 2.69878310e-23
 2.98876540e+02 2.70133280e-23
 2.99565750e+02 2.70389210e-23
 3.00256560e+02 2.70646120e-23
 3.00948950e+02 2.70904000e-23
 3.01642940e+02 2.71162860e-23
 3.02338530e+02 2.71422700e-23
 3.03035730e+02 2.71683530e-23
 3.03734530e+02 2.71945330e-23
 3.04434940e+02 2.72208120e-23
 3.05136970e+02 2.72471910e-23
 3.05840620e+02 2.72736680e-23
 3.06545890e+02 2.73002450e-23
 3.07252790e+02 2.73269220e-23
 3.07961310e+02 2.73536980e-23
 3.08671480e+02 2.73805750e-23
 3.09383270e+02 2.74075530e-23
 3.10096720e+02 2.74346310e-23
 3.10811800e+02 2.74618100e-23
 3.11528530e+02 2.74890910e-23
 3.12246920e+02 2.75164730e-23
 3.12966970e+02 2.75439560e-23
 3.13688670e+02 2.75715420e-23
 3.14412040e+02 2.75992300e-23
 3.15137080e+02 2.76270210e-23
 3.15863780e+02 2.76549150e-23
 3.16592170e+02 2.76829110e-23
 3.17322230e+02 2.77110110e-23
 3.18053980e+02 2.77392150e-23
 3.18787410e+02 2.77675230e-23
 3.19522540e+02 2.77959340e-23
 3.20259360e+02 2.78244510e-23
 3.20997880e+02 2.78530720e-23
 3.21738110e+02 2.78817970e-23
 3.22480040e+02 2.79106280e-23
 3.23223680e+02 2.79395650e-23
 3.23969030e+02 2.79686080e-23
 3.24716110e+02 2.79977560e-23
 3.25464910e+02 2.80270110e-23
 3.26215430e+02 2.80563720e-23
 3.26967690e+02 2.80858400e-23
 3.27721680e+02 2.81154160e-23
 3.28477410e+02 2.81450990e-23
 3.29234880e+02 2.81748890e-23
 3.29994100e+02 2.82047870e-23
 3.30755060e+02 2.82347940e-23
 3.31517790e+02 2.82649090e-23
 3.32282270e+02 2.82951330e-23
 3.33048520e+02 2.83254660e-23
 3.33816530e+02 2.83559090e-23
 3.34586310e+02 2.83864610e-23
 3.35357870e+02 2.84171230e-23
 3.36131210e+02 2.84478950e-23
 3.36906330e+02 2.84787780e-23
 3.37683240e+02 2.85097710e-23
 3.38461940e+02 2.85408750e-23
 3.39242430e+02 2.85720910e-23
 3.40024730e+02 2.86034180e-23
 3.40808830e+02 2.86348580e-23
 3.41594740e+02 2.86664090e-23
 3.42382460e+02 2.86980730e-23
 3.43171990e+02 2.87298490e-23
 3.43963350e+02 2.87617390e-23
 3.44756530e+02 2.87937420e-23
 3.45551540e+02 2.88258580e-23
 3.46348390e+02 2.88580880e-23
 3.47147070e+02 2.88904330e-23
 3.47947590e+02 2.89228920e-23
 3.48749960e+02 2.89554660e-23
 3.49554180e+02 2.89881540e-23
 3.50360260e+02 2.90209580e-23
 3.51168190e+02 2.90538780e-23
 3.51977990e+02 2.90869140e-23
 3.52789650e+02 2.91200650e-23
 3.53603190e+02 2.91533340e-23
 3.54418600e+02 2.91867190e-23
 3.55235890e+02 2.92202210e-23
 3.56055070e+02 2.92538410e-23
 3.56876130e+02 2.92875780e-23
 3.57699090e+02 2.93214330e-23
 3.58523950e+02 2.93554060e-23
 3.59350710e+02 2.93894980e-23
 3.60179370e+02 2.94237090e-23
 3.61009950e+02 2.94580390e-23
 3.61842440e+02 2.94924890e-23
 3.62676850e+02 2.95270580e-23
 3.63513190e+02 2.95617480e-23
 3.64351450e+02 2.95965570e-23
 3.65191650e+02 2.96314880e-23
 3.66033790e+02 2.96665390e-23
 3.66877860e+02 2.97017110e-23
 3.67723890e+02 2.97370060e-23
 3.68571860e+02 2.97724220e-23
 3.69421790e+02 2.98079600e-23
 3.70273680e+02 2.98436200e-23
 3.71127530e+02 2.98794040e-23
 3.71983360e+02 2.99153100e-23
 3.72841150e+02 2.99513400e-23
 3.73700930e+02 2.99874940e-23
 3.74562680e+02 3.00237710e-23
 3.75426430e+02 3.00601730e-23
 3.76292160e+02 3.00967000e-23
 3.77159900e+02 3.01333510e-23
 3.78029630e+02 3.01701280e-23
 3.78901370e+02 3.02070300e-23
 3.79775120e+02 3.02440590e-23
 3.80650880e+02 3.02812130e-23
 3.81528670e+02 3.03184940e-23
 3.82408480e+02 3.03559010e-23
 3.83290310e+02 3.03934360e-23
 3.84174180e+02 3.04310980e-23
 3.85060090e+02 3.04688880e-23
 3.85948040e+02 3.05068060e-23
 3.86838040e+02 3.05448520e-23
 3.87730090e+02 3.05830270e-23
 3.88624200e+02 3.06213310e-23
 3.89520370e+02 3.06597650e-23
 3.90418610e+02 3.06983280e-23
 3.91318920e+02 3.07370210e-23
 3.92221300e+02 3.07758440e-23
 3.93125770e+02 3.08147980e-23
 3.94032320e+02 3.08538820e-23
 3.94940960e+02 3.08930980e-23
 3.95851700e+02 3.09324460e-23
 3.96764530e+02 3.09719250e-23
 3.97679480e+02 3.10115370e-23
 3.98596530e+02 3.10512810e-23
 3.99515690e+02 3.10911580e-23
 4.00436980e+02 3.11311690e-23
 4.01360390e+02 3.11713130e-23
 4.02285930e+02 3.12115900e-23
 4.03213610e+02 3.12520020e-23
 4.04143420e+02 3.12925480e-23
 4.05075380e+02 3.13332300e-23
 4.06009480e+02 3.13740460e-23
 4.06945750e+02 3.14149980e-23
 4.07884170e+02 3.14560860e-23
 4.08824750e+02 3.14973100e-23
 4.09767500e+02 3.15386700e-23
 4.10712430e+02 3.15801680e-23
 4.11659540e+02 3.16218030e-23
 4.12608830e+02 3.16635750e-23
 4.13560300e+02 3.17054850e-23
 4.14513980e+02 3.17475340e-23
 4.15469850e+02 3.17897220e-23
 4.16427930e+02 3.18320480e-23
 4.17388210e+02 3.18745150e-23
 4.18350710e+02 3.19171210e-23
 4.19315430e+02 3.19598680e-23
 4.20282380e+02 3.20027560e-23
 4.21251550e+02 3.20457850e-23
 4.22222960e+02 3.20889560e-23
 4.23196610e+02 3.21322710e-23
 4.24172510e+02 3.21757290e-23
 4.25150650e+02 3.22193320e-23
 4.26131050e+02 3.22630820e-23
 4.27113710e+02 3.23069790e-23
 4.28098640e+02 3.23510280e-23
 4.29085840e+02 3.23952310e-23
 4.30075310e+02 3.24395960e-23
 4.31067070e+02 3.24841350e-23
 4.32061110e+02 3.25288670e-23
 4.33057450e+02 3.25738380e-23
 4.34056080e+02 3.26191510e-23
 4.35057020e+02 3.26651120e-23
 4.36060270e+02 3.27129540e-23
 4.37065820e+02 3.27727620e-23
 4.38073700e+02 1.10605380e-22
 4.39083900e+02 3.28625450e-23
 4.40096430e+02 3.28947400e-23
 4.41111300e+02 3.29381190e-23
 4.42128510e+02 3.29832870e-23
 4.43148060e+02 3.30290780e-23
 4.44169960e+02 3.30752030e-23
 4.45194220e+02 3.31215650e-23
 4.46220840e+02 3.31681220e-23
 4.47249830e+02 3.32148550e-23
 4.48281190e+02 3.32617550e-23
 4.49314930e+02 3.33088160e-23
 4.50351050e+02 3.33560340e-23
 4.51389570e+02 3.34034080e-23
 4.52430470e+02 3.34509370e-23
 4.53473780e+02 3.34986200e-23
 4.54519500e+02 3.35464570e-23
 4.55567620e+02 3.35944480e-23
 4.56618160e+02 3.36425930e-23
 4.57671130e+02 3.36908910e-23
 4.58726520e+02 3.37393430e-23
 4.59784350e+02 3.37879490e-23
 4.60844620e+02 3.38367100e-23
 4.61907330e+02 3.38856260e-23
 4.62972490e+02 3.39346960e-23
 4.64040110e+02 3.39839220e-23
 4.65110190e+02 3.40333030e-23
 4.66182730e+02 3.40828410e-23
 4.67257760e+02 3.41325340e-23
 4.68335260e+02 3.41823840e-23
 4.69415240e+02 3.42323910e-23
 4.70497720e+02 3.42825550e-23
 4.71582690e+02 3.43328770e-23
 4.72670160e+02 3.43833570e-23
 4.73760140e+02 3.44339950e-23
 4.74852640e+02 3.44847920e-23
 4.75947650e+02 3.45357480e-23
 4.77045190e+02 3.45868630e-23
 4.78145260e+02 3.46381380e-23
 4.79247860e+02 3.46895730e-23
 4.80353010e+02 3.47411680e-23
 4.81460710e+02 3.47929240e-23
 4.82570960e+02 3.48448420e-23
 4.83683780e+02 3.48969210e-23
 4.84799150e+02 3.49491620e-23
 4.85917110e+02 3.50015650e-23
 4.87037630e+02 3.50541310e-23
 4.88160750e+02 3.51068600e-23
 4.89286450e+02 3.51597520e-23
 4.90414750e+02 3.52128090e-23
 4.91545650e+02 3.52660290e-23
 4.92679160e+02 3.53194140e-23
 4.93815280e+02 3.53729640e-23
 4.94954020e+02 3.54266790e-23
 4.96095390e+02 3.54805590e-23
 4.97239390e+02 3.55346060e-23
 4.98386020e+02 3.55888190e-23
 4.99535310e+02 3.56431990e-23
 5.00687240e+02 3.56977460e-23
 5.01841830e+02 3.57524600e-23
 5.02999080e+02 3.58073430e-23
 5.04159000e+02 3.58623940e-23
 5.05321590e+02 3.59176130e-23
 5.06486870e+02 3.59730020e-23
 5.07654830e+02 3.60285600e-23
 5.08825490e+02 3.60842870e-23
 5.09998840e+02 3.61401850e-23
 5.11174900e+02 3.61962540e-23
 5.12353680e+02 3.62524930e-23
 5.13535170e+02 3.63089040e-23
 5.14719380e+02 3.63654870e-23
 5.15906330e+02 3.64222420e-23
 5.17096010e+02 3.64791690e-23
 5.18288440e+02 3.65362690e-23
 5.19483620e+02 3.65935430e-23
 5.20681550e+02 3.66509900e-23
 5.21882250e+02 3.67086110e-23
 5.23085710e+02 3.67664070e-23
 5.24291950e+02 3.68243780e-23
 5.25500970e+02 3.68825240e-23
 5.26712780e+02 3.69408450e-23
 5.27927390e+02 3.69993430e-23
 5.29144790e+02 3.70580170e-23
 5.30365000e+02 3.71168670e-23
 5.31588030e+02 3.71758950e-23
 5.32813870e+02 3.72351010e-23
 5.34042550e+02 3.72944850e-23
 5.35274050e+02 3.73540470e-23
 5.36508400e+02 3.74137880e-23
 5.37745590e+02 3.74737080e-23
 5.38985640e+02 3.75338080e-23
 5.40228540e+02 3.75940880e-23
 5.41474310e+02 3.76545480e-23
 5.42722960e+02 3.77151890e-23
 5.43974480e+02 3.77760110e-23
 5.45228890e+02 3.78370150e-23
 5.46486190e+02 3.78982010e-23
 5.47746390e+02 3.79595690e-23
 5.49009500e+02 3.80211200e-23
 5.50275520e+02 3.80828540e-23
 5.51544460e+02 3.81447720e-23
 5.52816330e+02 3.82068740e-23
 5.54091120e+02 3.82691610e-23
 5.55368860e+02 3.83316320e-23
 5.56649550e+02 3.83942890e-23
 5.57933190e+02 3.84571320e-23
 5.59219780e+02 3.85201600e-23
 5.60509350e+02 3.85833750e-23
 5.61801890e+02 3.86467770e-23
 5.63097410e+02 3.87103660e-23
 5.64395910e+02 3.87741430e-23
 5.65697420e+02 3.88381090e-23
 5.67001920e+02 3.89022620e-23
 5.68309430e+02 3.89666050e-23
 5.69619950e+02 3.90311370e-23
 5.70933500e+02 3.90958590e-23
 5.72250080e+02 3.91607720e-23
 5.73569690e+02 3.92258750e-23
 5.74892350e+02 3.92911690e-23
 5.76218060e+02 3.93566540e-23
 5.77546820e+02 3.94223320e-23
 5.78878650e+02 3.94882020e-23
 5.80213540e+02 3.95542640e-23
 5.81551520e+02 3.96205200e-23
 5.82892580e+02 3.96869700e-23
 5.84236740e+02 3.97536130e-23
 5.85583990e+02 3.98204510e-23
 5.86934350e+02 3.98874840e-23
 5.88287830e+02 3.99547120e-23
 5.89644430e+02 4.00221360e-23
 5.91004150e+02 4.00897560e-23
 5.92367010e+02 4.01575730e-23
 5.93733010e+02 4.02255870e-23
 5.95102170e+02 4.02937980e-23
 5.96474480e+02 4.03622080e-23
 5.97849950e+02 4.04308150e-23
 5.99228600e+02 4.04996220e-23
 6.00610420e+02 4.05686270e-23
 6.01995430e+02 4.06378320e-23
 6.03383640e+02 4.07072380e-23
 6.04775050e+02 4.07768430e-23
 6.06169660e+02 4.08466500e-23
 6.07567500e+02 4.09166580e-23
 6.08968550e+02 4.09868680e-23
 6.10372840e+02 4.10572810e-23
 6.11780360e+02 4.11278960e-23
 6.13191130e+02 4.11987140e-23
 6.14605160e+02 4.12697360e-23
 6.16022440e+02 4.13409610e-23
 6.17442990e+02 4.14123920e-23
 6.18866820e+02 4.14840270e-23
 6.20293930e+02 4.15558680e-23
 6.21724330e+02 4.16279140e-23
 6.23158040e+02 4.17001670e-23
 6.24595040e+02 4.17726260e-23
 6.26035360e+02 4.18452930e-23
 6.27479010e+02 4.19181670e-23
 6.28925980e+02 4.19912490e-23
 6.30376290e+02 4.20645400e-23
 6.31829940e+02 4.21380400e-23
 6.33286940e+02 4.22117490e-23
 6.34747310e+02 4.22856680e-23
 6.36211040e+02 4.23597970e-23
 6.37678150e+02 4.24341380e-23
 6.39148640e+02 4.25086890e-23
 6.40622520e+02 4.25834520e-23
 6.42099800e+02 4.26584270e-23
 6.43580490e+02 4.27336150e-23
 6.45064590e+02 4.28090160e-23
 6.46552110e+02 4.28846310e-23
 6.48043070e+02 4.29604600e-23
 6.49537460e+02 4.30365030e-23
 6.51035300e+02 4.31127610e-23
 6.52536590e+02 4.31892340e-23
 6.54041340e+02 4.32659230e-23
 6.55549570e+02 4.33428290e-23
 6.57061270e+02 4.34199510e-23
 6.58576460e+02 4.34972910e-23
 6.60095140e+02 4.35748480e-23
 6.61617320e+02 4.36526240e-23
 6.63143020e+02 4.37306180e-23
 6.64672230e+02 4.38088310e-23
 6.66204970e+02 4.38872640e-23
 6.67741250e+02 4.39659170e-23
 6.69281060e+02 4.40447910e-23
 6.70824430e+02 4.41238860e-23
 6.72371360e+02 4.42032020e-23
 6.73921850e+02 4.42827400e-23
 6.75475920e+02 4.43625010e-23
 6.77033570e+02 4.44424850e-23
 6.78594810e+02 4.45226920e-23
 6.80159660e+02 4.46031230e-23
 6.81728110e+02 4.46837780e-23
 6.83300180e+02 4.47646580e-23
 6.84875880e+02 4.48457640e-23
 6.86455210e+02 4.49270960e-23
 6.88038180e+02 4.50086530e-23
 6.89624800e+02 4.50904380e-23
 6.91215080e+02 4.51724500e-23
 6.92809030e+02 4.52546900e-23
 6.94406650e+02 4.53371580e-23
 6.96007960e+02 4.54198550e-23
 6.97612960e+02 4.55027810e-23
 6.99221660e+02 4.55859370e-23
 7.00834070e+02 4.56693230e-23
 7.02450200e+02 4.57529400e-23
 7.04070050e+02 4.58367880e-23
 7.05693640e+02 4.59208680e-23
 7.07320980e+02 4.60051800e-23
 7.08952070e+02 4.60897250e-23
 7.10586910e+02 4.61745030e-23
 7.12225530e+02 4.62595150e-23
 7.13867930e+02 4.63447610e-23
 7.15514120e+02 4.64302420e-23
 7.17164100e+02 4.65159580e-23
 7.18817880e+02 4.66019100e-23
 7.20475480e+02 4.66880980e-23
 7.22136900e+02 4.67745230e-23
 7.23802160e+02 4.68611850e-23
 7.25471250e+02 4.69480850e-23
 7.27144190e+02 4.70352230e-23
 7.28820990e+02 4.71226000e-23
 7.30501660e+02 4.72102160e-23
 7.32186200e+02 4.72980730e-23
 7.33874630e+02 4.73861690e-23
 7.35566950e+02 4.74745060e-23
 7.37263170e+02 4.75630850e-23
 7.38963310e+02 4.76519060e-23
 7.40667360e+02 4.77409690e-23
 7.42375350e+02 4.78302750e-23
 7.44087270e+02 4.79198240e-23
 7.45803140e+02 4.80096180e-23
 7.47522970e+02 4.80996560e-23
 7.49246760e+02 4.81899390e-23
 7.50974530e+02 4.82804670e-23
 7.52706280e+02 4.83712420e-23
 7.54442030e+02 4.84622630e-23
 7.56181780e+02 4.85535310e-23
 7.57925540e+02 4.86450470e-23
 7.59673320e+02 4.87368110e-23
 7.61425140e+02 4.88288240e-23
 7.63180990e+02 4.89210860e-23
 7.64940890e+02 4.90135980e-23
 7.66704850e+02 4.91063600e-23
 7.68472880e+02 4.91993730e-23
 7.70244980e+02 4.92926370e-23
 7.72021170e+02 4.93861540e-23
 7.73801460e+02 4.94799220e-23
 7.75585850e+02 4.95739440e-23
 7.77374360e+02 4.96682200e-23
 7.79166990e+02 4.97627490e-23
 7.80963750e+02 4.98575330e-23
 7.82764660e+02 4.99525720e-23
 7.84569720e+02 5.00478670e-23
 7.86378950e+02 5.01434180e-23
 7.88192340e+02 5.02392270e-23
 7.90009920e+02 5.03352920e-23
 7.91831690e+02 5.04316150e-23
 7.93657660e+02 5.05281970e-23
 7.95487840e+02 5.06250380e-23
 7.97322240e+02 5.07221380e-23
 7.99160870e+02 5.08194990e-23
 8.01003740e+02 5.09171200e-23
 8.02850860e+02 5.10150030e-23
 8.04702240e+02 5.11131470e-23
 8.06557890e+02 5.12115540e-23
 8.08417820e+02 5.13102230e-23
 8.10282040e+02 5.14091570e-23
 8.12150560e+02 5.15083540e-23
 8.14023380e+02 5.16078160e-23
 8.15900520e+02 5.17075430e-23
 8.17782000e+02 5.18075350e-23
 8.19667810e+02 5.19077950e-23
 8.21557970e+02 5.20083210e-23
 8.23452490e+02 5.21091140e-23
 8.25351380e+02 5.22101760e-23
 8.27254640e+02 5.23115060e-23
 8.29162300e+02 5.24131060e-23
 8.31074350e+02 5.25149750e-23
 8.32990820e+02 5.26171150e-23
 8.34911700e+02 5.27195260e-23
 8.36837010e+02 5.28222090e-23
 8.38766760e+02 5.29251640e-23
 8.40700970e+02 5.30283920e-23
 8.42639630e+02 5.31318940e-23
 8.44582760e+02 5.32356700e-23
 8.46530380e+02 5.33397230e-23
 8.48482480e+02 5.34440540e-23
 8.50439090e+02 5.35486670e-23
 8.52400210e+02 5.36535720e-23
 8.54365850e+02 5.37588010e-23
 8.56336030e+02 5.38645650e-23
 8.58310740e+02 5.39828890e-23
 8.60290010e+02 5.40770020e-23
 8.62273850e+02 5.41822610e-23
 8.64262260e+02 5.42886690e-23
 8.66255250e+02 5.43954510e-23
 8.68252850e+02 5.45025380e-23
 8.70255040e+02 5.46099150e-23
 8.72261860e+02 5.47175790e-23
 8.74273300e+02 5.48255270e-23
 8.76289380e+02 5.49337600e-23
 8.78310110e+02 5.50422770e-23
 8.80335500e+02 5.51510790e-23
 8.82365560e+02 5.52601670e-23
 8.84400300e+02 5.53695410e-23
 8.86439740e+02 5.54792020e-23
 8.88483870e+02 5.55891500e-23
 8.90532720e+02 5.56993850e-23
 8.92586300e+02 5.58099090e-23
 8.94644610e+02 5.59207210e-23
 8.96707670e+02 5.60318230e-23
 8.98775480e+02 5.61432150e-23
 9.00848070e+02 5.62548980e-23
 9.02925430e+02 5.63668730e-23
 9.05007580e+02 5.64791390e-23
 9.07094540e+02 5.65916980e-23
 9.09186300e+02 5.67045500e-23
 9.11282890e+02 5.68176960e-23
 9.13384320e+02 5.69311370e-23
 9.15490590e+02 5.70448730e-23
 9.17601720e+02 5.71589040e-23
 9.19717710e+02 5.72732320e-23
 9.21838590e+02 5.73878570e-23
 9.23964360e+02 5.75027790e-23
 9.26095030e+02 5.76180000e-23
 9.28230610e+02 5.77335200e-23
 9.30371120e+02 5.78493390e-23
 9.32516560e+02 5.79654590e-23
 9.34666950e+02 5.80818790e-23
 9.36822300e+02 5.81986010e-23
 9.38982620e+02 5.83156250e-23
 9.41147920e+02 5.84329520e-23
 9.43318210e+02 5.85505830e-23
 9.45493510e+02 5.86685170e-23
 9.47673830e+02 5.87867560e-23
 9.49859170e+02 5.89053010e-23
 9.52049550e+02 5.90241520e-23
 9.54244990e+02 5.91433090e-23
 9.56445480e+02 5.92627740e-23
 9.58651050e+02 5.93825470e-23
 9.60861710e+02 5.95026290e-23
 9.63077460e+02 5.96230200e-23
 9.65298330e+02 5.97437210e-23
 9.67524310e+02 5.98647320e-23
 9.69755430e+02 5.99860550e-23
 9.71991690e+02 6.01076910e-23
 9.74233120e+02 6.02296380e-23
 9.76479700e+02 6.03519000e-23
 9.78731470e+02 6.04744750e-23
 9.80988440e+02 6.05973650e-23
 9.83250600e+02 6.07205700e-23
 9.85517990e+02 6.08440920e-23
 9.87790600e+02 6.09679300e-23
 9.90068450e+02 6.10920860e-23
 9.92351560e+02 6.12165600e-23
 9.94639930e+02 6.13413530e-23
 9.96933570e+02 6.14664650e-23
 9.99232510e+02 6.15918970e-23
 1.00153670e+03 6.17176510e-23
 1.00384630e+03 6.18437260e-23
 1.00616120e+03 6.19701230e-23
 1.00848140e+03 6.20968430e-23
 1.01080700e+03 6.22238870e-23
 1.01313790e+03 6.23512550e-23
 1.01547420e+03 6.24789480e-23
 1.01781590e+03 6.26069670e-23
 1.02016300e+03 6.27353120e-23
 1.02251550e+03 6.28639850e-23
 1.02487340e+03 6.29929850e-23
 1.02723680e+03 6.31223140e-23
 1.02960560e+03 6.32519730e-23
 1.03197990e+03 6.33819610e-23
 1.03435960e+03 6.35122800e-23
 1.03674490e+03 6.36429300e-23
 1.03913560e+03 6.37739130e-23
 1.04153190e+03 6.39052280e-23
 1.04393360e+03 6.40368770e-23
 1.04634100e+03 6.41688610e-23
 1.04875380e+03 6.43011790e-23
 1.05117230e+03 6.44338330e-23
 1.05359630e+03 6.45668230e-23
 1.05602590e+03 6.47001510e-23
 1.05846110e+03 6.48338160e-23
 1.06090190e+03 6.49678210e-23
 1.06334830e+03 6.51021640e-23
 1.06580040e+03 6.52368480e-23
 1.06825820e+03 6.53718720e-23
 1.07072160e+03 6.55072380e-23
 1.07319070e+03 6.56429470e-23
 1.07566550e+03 6.57789980e-23
 1.07814600e+03 6.59153940e-23
 1.08063220e+03 6.60521330e-23
 1.08312410e+03 6.61892190e-23
 1.08562180e+03 6.63266500e-23
 1.08812530e+03 6.64644280e-23
 1.09063450e+03 6.66025530e-23
 1.09314950e+03 6.67410270e-23
 1.09567030e+03 6.68798500e-23
 1.09819690e+03 6.70190220e-23
 1.10072940e+03 6.71585450e-23
 1.10326770e+03 6.72984200e-23
 1.10581180e+03 6.74386460e-23
 1.10836180e+03 6.75792260e-23
 1.11091770e+03 6.77201590e-23
 1.11347950e+03 6.78614460e-23
 1.11604720e+03 6.80030890e-23
 1.11862080e+03 6.81450870e-23
 1.12120040e+03 6.82874420e-23
 1.12378590e+03 6.84301550e-23
 1.12637730e+03 6.85732250e-23
 1.12897470e+03 6.87166550e-23
 1.13157820e+03 6.88604450e-23
 1.13418760e+03 6.90045950e-23
 1.13680300e+03 6.91491060e-23
 1.13942450e+03 6.92939800e-23
 1.14205200e+03 6.94392160e-23
 1.14468560e+03 6.95848160e-23
 1.14732530e+03 6.97307810e-23
 1.14997100e+03 6.98771110e-23
 1.15262290e+03 7.00238070e-23
 1.15528080e+03 7.01708700e-23
 1.15794490e+03 7.03183000e-23
 1.16061510e+03 7.04660990e-23
 1.16329150e+03 7.06142680e-23
 1.16597410e+03 7.07628060e-23
 1.16866280e+03 7.09117150e-23
 1.17135780e+03 7.10609960e-23
 1.17405890e+03 7.12106500e-23
 1.17676630e+03 7.13606770e-23
 1.17948000e+03 7.15110770e-23
 1.18219980e+03 7.16618530e-23
 1.18492600e+03 7.18130050e-23
 1.18765850e+03 7.19645330e-23
 1.19039720e+03 7.21164380e-23
 1.19314230e+03 7.22687220e-23
 1.19589370e+03 7.24213850e-23
 1.19865140e+03 7.25744280e-23
 1.20141550e+03 7.27278510e-23
 1.20418600e+03 7.28816560e-23
 1.20696280e+03 7.30358430e-23
 1.20974610e+03 7.31904130e-23
 1.21253580e+03 7.33453680e-23
 1.21533190e+03 7.35007070e-23
 1.21813450e+03 7.36564330e-23
 1.22094350e+03 7.38125450e-23
 1.22375900e+03 7.39690450e-23
 1.22658100e+03 7.41259340e-23
 1.22940950e+03 7.42832140e-23
 1.23224450e+03 7.44408890e-23
 1.23508610e+03 7.45989690e-23
 1.23793420e+03 7.47575380e-23
 1.24078890e+03 7.49561220e-23
 1.24365020e+03 7.50756580e-23
 1.24651800e+03 7.52351230e-23
 1.24939250e+03 7.53951190e-23
 1.25227360e+03 7.55555280e-23
 1.25516140e+03 7.57163400e-23
 1.25805580e+03 7.58775510e-23
 1.26095690e+03 7.60391620e-23
 1.26386460e+03 7.62011720e-23
 1.26677910e+03 7.63635830e-23
 1.26970030e+03 7.65263950e-23
 1.27262830e+03 7.66896100e-23
 1.27556300e+03 7.68532270e-23
 1.27850440e+03 7.70172480e-23
 1.28145270e+03 7.71816740e-23
 1.28440770e+03 7.73465050e-23
 1.28736960e+03 7.75117430e-23
 1.29033820e+03 7.76773880e-23
 1.29331380e+03 7.78434410e-23
 1.29629620e+03 7.80099040e-23
 1.29928540e+03 7.81767760e-23
 1.30228160e+03 7.83440590e-23
 1.30528470e+03 7.85117550e-23
 1.30829470e+03 7.86798620e-23
 1.31131160e+03 7.88483840e-23
 1.31433550e+03 7.90173190e-23
 1.31736640e+03 7.91866710e-23
 1.32040420e+03 7.93564380e-23
 1.32344910e+03 7.95266230e-23
 1.32650100e+03 7.96972260e-23
 1.32955990e+03 7.98682480e-23
 1.33262590e+03 8.00396900e-23
 1.33569890e+03 8.02115530e-23
 1.33877900e+03 8.03838370e-23
 1.34186630e+03 8.05565450e-23
 1.34496060e+03 8.07296760e-23
 1.34806210e+03 8.09032310e-23
 1.35117080e+03 8.10772120e-23
 1.35428660e+03 8.12516200e-23
 1.35740960e+03 8.14264550e-23
 1.36053980e+03 8.16017190e-23
 1.36367720e+03 8.17774110e-23
 1.36682180e+03 8.19535340e-23
 1.36997370e+03 8.21300880e-23
 1.37313290e+03 8.23070740e-23
 1.37629930e+03 8.24844940e-23
 1.37947310e+03 8.26623470e-23
 1.38265420e+03 8.28406350e-23
 1.38584260e+03 8.30193600e-23
 1.38903840e+03 8.31985210e-23
 1.39224150e+03 8.33781200e-23
 1.39545200e+03 8.35581570e-23
 1.39866990e+03 8.37386350e-23
 1.40189530e+03 8.39195530e-23
 1.40512810e+03 8.41009130e-23
 1.40836830e+03 8.42827160e-23
 1.41161600e+03 8.44649620e-23
 1.41487120e+03 8.46476530e-23
 1.41813390e+03 8.48307900e-23
 1.42140410e+03 8.50143730e-23
 1.42468190e+03 8.51984040e-23
 1.42796720e+03 8.53828830e-23
 1.43126010e+03 8.55678120e-23
 1.43456060e+03 8.57531910e-23
 1.43786870e+03 8.59390220e-23
 1.44118450e+03 8.61253060e-23
 1.44450790e+03 8.63120430e-23
 1.44783890e+03 8.64992350e-23
 1.45117760e+03 8.66868820e-23
 1.45452410e+03 8.68749860e-23
 1.45787820e+03 8.70635470e-23
 1.46124010e+03 8.72525670e-23
 1.46460970e+03 8.74420460e-23
 1.46798710e+03 8.76319860e-23
 1.47137230e+03 8.78223880e-23
 1.47476530e+03 8.80132520e-23
 1.47816610e+03 8.82045800e-23
 1.48157480e+03 8.83963720e-23
 1.48499130e+03 8.85886300e-23
 1.48841570e+03 8.87813550e-23
 1.49184800e+03 8.89745480e-23
 1.49528820e+03 8.91682090e-23
 1.49873640e+03 8.93623410e-23
 1.50219250e+03 8.95569430e-23
 1.50565650e+03 8.97520170e-23
 1.50912860e+03 8.99475640e-23
 1.51260860e+03 9.01435850e-23
 1.51609670e+03 9.03400810e-23
 1.51959290e+03 9.05370530e-23
 1.52309700e+03 9.07345030e-23
 1.52660930e+03 9.09324300e-23
 1.53012970e+03 9.11308370e-23
 1.53365820e+03 9.13297240e-23
 1.53719480e+03 9.15290920e-23
 1.54073960e+03 9.17289430e-23
 1.54429260e+03 9.19292780e-23
 1.54785370e+03 9.21300970e-23
 1.55142310e+03 9.23314020e-23
 1.55500070e+03 9.25331940e-23
 1.55858650e+03 9.27354740e-23
 1.56218060e+03 9.29382440e-23
 1.56578300e+03 9.31415070e-23
 1.56939370e+03 9.33452690e-23
 1.57301280e+03 9.35495910e-23
 1.57664010e+03 9.37578250e-23
 1.58027590e+03 9.39595070e-23
 1.58392000e+03 9.41651910e-23
 1.58757250e+03 9.43714030e-23
 1.59123350e+03 9.45781180e-23
 1.59490290e+03 9.47853340e-23
 1.59858070e+03 9.49930500e-23
 1.60226710e+03 9.52012680e-23
 1.60596190e+03 9.54099870e-23
 1.60966530e+03 9.56192100e-23
 1.61337720e+03 9.58289380e-23
 1.61709760e+03 9.60391700e-23
 1.62082670e+03 9.62499100e-23
 1.62456430e+03 9.64611570e-23
 1.62831060e+03 9.66729120e-23
 1.63206550e+03 9.68851780e-23
 1.63582900e+03 9.70979550e-23
 1.63960130e+03 9.73112440e-23
 1.64338220e+03 9.75250460e-23
 1.64717190e+03 9.77393630e-23
 1.65097020e+03 9.79541960e-23
 1.65477740e+03 9.81695450e-23
 1.65859330e+03 9.83854120e-23
 1.66241810e+03 9.86017980e-23
 1.66625160e+03 9.88187040e-23
 1.67009400e+03 9.90361320e-23
 1.67394520e+03 9.92540820e-23
 1.67780540e+03 9.94725560e-23
 1.68167440e+03 9.96915550e-23
 1.68555240e+03 9.99110800e-23
 1.68943930e+03 1.00131130e-22
 1.69333510e+03 1.00351710e-22
 1.69724000e+03 1.00572820e-22
 1.70115380e+03 1.00794460e-22
 1.70507670e+03 1.01016640e-22
 1.70900860e+03 1.01239340e-22
 1.71294960e+03 1.01462580e-22
 1.71689970e+03 1.01686360e-22
 1.72085880e+03 1.01910670e-22
 1.72482720e+03 1.02135520e-22
 1.72880460e+03 1.02360910e-22
 1.73279130e+03 1.02586840e-22
 1.73678710e+03 1.02813310e-22
 1.74079210e+03 1.03040320e-22
 1.74480640e+03 1.03267880e-22
 1.74883000e+03 1.03495980e-22
 1.75286280e+03 1.03724630e-22
 1.75690490e+03 1.03953830e-22
 1.76095630e+03 1.04183570e-22
 1.76501710e+03 1.04413870e-22
 1.76908720e+03 1.04644710e-22
 1.77316680e+03 1.04876110e-22
 1.77725570e+03 1.05108060e-22
 1.78135410e+03 1.05340570e-22
 1.78546190e+03 1.05573630e-22
 1.78957920e+03 1.05807250e-22
 1.79370600e+03 1.06041430e-22
 1.79784230e+03 1.06276170e-22
 1.80198810e+03 1.06511470e-22
 1.80614350e+03 1.06747330e-22
 1.81030850e+03 1.06983760e-22
 1.81448310e+03 1.07220750e-22
 1.81866730e+03 1.07458310e-22
 1.82286110e+03 1.07696430e-22
 1.82706470e+03 1.07935130e-22
 1.83127790e+03 1.08174390e-22
 1.83550080e+03 1.08414220e-22
 1.83973350e+03 1.08654630e-22
 1.84397590e+03 1.08895610e-22
 1.84822820e+03 1.09137170e-22
 1.85249020e+03 1.09379300e-22
 1.85676210e+03 1.09622010e-22
 1.86104380e+03 1.09865300e-22
 1.86533530e+03 1.10109170e-22
 1.86963680e+03 1.10353620e-22
 1.87394820e+03 1.10598650e-22
 1.87826960e+03 1.10844270e-22
 1.88260090e+03 1.11090480e-22
 1.88694220e+03 1.11337270e-22
 1.89129350e+03 1.11584650e-22
 1.89565480e+03 1.11832670e-22
 1.90002620e+03 1.12081340e-22
 1.90440770e+03 1.12330330e-22
 1.90879920e+03 1.12580060e-22
 1.91320090e+03 1.12830400e-22
 1.91761280e+03 1.13081330e-22
 1.92203480e+03 1.13332860e-22
 1.92646710e+03 1.13584990e-22
 1.93090950e+03 1.13837720e-22
 1.93536220e+03 1.14091060e-22
 1.93982520e+03 1.14344990e-22
 1.94429840e+03 1.14599530e-22
 1.94878200e+03 1.14854670e-22
 1.95327590e+03 1.15110420e-22
 1.95778020e+03 1.15366780e-22
 1.96229480e+03 1.15623750e-22
 1.96681990e+03 1.15881330e-22
 1.97135540e+03 1.16139520e-22
 1.97590130e+03 1.16398330e-22
 1.98045780e+03 1.16657750e-22
 1.98502470e+03 1.16917780e-22
 1.98960220e+03 1.17178440e-22
 1.99419030e+03 1.17439710e-22
 1.99878890e+03 1.17701600e-22
 2.00339810e+03 1.17964120e-22
 2.00801790e+03 1.18227260e-22
 2.01264840e+03 1.18491020e-22
 2.01728960e+03 1.18755410e-22
 2.02194150e+03 1.19020430e-22
 2.02660410e+03 1.19286080e-22
 2.03127750e+03 1.19552360e-22
 2.03596160e+03 1.19819260e-22
 2.04065660e+03 1.20086810e-22
 2.04536230e+03 1.20354980e-22
 2.05007900e+03 1.20623800e-22
 2.05480650e+03 1.20893250e-22
 2.05954490e+03 1.21163340e-22
 2.06429420e+03 1.21434070e-22
 2.06905450e+03 1.21705440e-22
 2.07382570e+03 1.21977450e-22
 2.07860800e+03 1.22250110e-22
 2.08340130e+03 1.22523420e-22
 2.08820560e+03 1.22797370e-22
 2.09302100e+03 1.23071970e-22
 2.09784750e+03 1.23347220e-22
 2.10268520e+03 1.23623130e-22
 2.10753400e+03 1.23899690e-22
 2.11239400e+03 1.24176900e-22
 2.11726520e+03 1.24454770e-22
 2.12214760e+03 1.24733290e-22
 2.12704130e+03 1.25012480e-22
 2.13194630e+03 1.25292330e-22
 2.13686260e+03 1.25572840e-22
 2.14179020e+03 1.25854010e-22
 2.14672920e+03 1.26135850e-22
 2.15167960e+03 1.26418350e-22
 2.15664130e+03 1.26701530e-22
 2.16161460e+03 1.26985370e-22
 2.16659930e+03 1.27269890e-22
 2.17159550e+03 1.27555070e-22
 2.17660320e+03 1.27840940e-22
 2.18162240e+03 1.28127470e-22
 2.18665330e+03 1.28414690e-22
 2.19169570e+03 1.28702580e-22
 2.19674980e+03 1.28991160e-22
 2.20181550e+03 1.29280420e-22
 2.20689290e+03 1.29570360e-22
 2.21198200e+03 1.29860980e-22
 2.21708290e+03 1.30152290e-22
 2.22219550e+03 1.30444290e-22
 2.22731990e+03 1.30736980e-22
 2.23245610e+03 1.31030360e-22
 2.23760420e+03 1.31324440e-22
 2.24276410e+03 1.31619210e-22
 2.24793590e+03 1.31914670e-22
 2.25311970e+03 1.32210840e-22
 2.25831540e+03 1.32507840e-22
 2.26352310e+03 1.32805260e-22
 2.26874280e+03 1.33103520e-22
 2.27397450e+03 1.33402480e-22
 2.27921830e+03 1.33702160e-22
 2.28447420e+03 1.34002540e-22
 2.28974220e+03 1.34303620e-22
 2.29502240e+03 1.34605420e-22
 2.30031470e+03 1.34907930e-22
 2.30561930e+03 1.35211160e-22
 2.31093610e+03 1.35515100e-22
 2.31626510e+03 1.35819750e-22
 2.32160640e+03 1.36125130e-22
 2.32696010e+03 1.36431220e-22
 2.33232610e+03 1.36738030e-22
 2.33770440e+03 1.37045570e-22
 2.34309520e+03 1.37353840e-22
 2.34849840e+03 1.37662830e-22
 2.35391400e+03 1.37972540e-22
 2.35934220e+03 1.38282990e-22
 2.36478280e+03 1.38594170e-22
 2.37023600e+03 1.38906080e-22
 2.37570180e+03 1.39218730e-22
 2.38118020e+03 1.39532110e-22
 2.38667120e+03 1.39846230e-22
 2.39217490e+03 1.40161090e-22
 2.39769130e+03 1.40476690e-22
 2.40322040e+03 1.40793040e-22
 2.40876220e+03 1.41110130e-22
 2.41431680e+03 1.41427960e-22
 2.41988430e+03 1.41746550e-22
 2.42546460e+03 1.42065880e-22
 2.43105770e+03 1.42385970e-22
 2.43666370e+03 1.42706800e-22
 2.44228270e+03 1.43028400e-22
 2.44791460e+03 1.43350750e-22
 2.45355950e+03 1.43673850e-22
 2.45921750e+03 1.43997720e-22
 2.46488840e+03 1.44322350e-22
 2.47057250e+03 1.44647740e-22
 2.47626960e+03 1.44973900e-22
 2.48197990e+03 1.45300830e-22
 2.48770340e+03 1.45628520e-22
 2.49344010e+03 1.45956990e-22
 2.49919000e+03 1.46286220e-22
 2.50495310e+03 1.46616230e-22
 2.51072950e+03 1.46947020e-22
 2.51651930e+03 1.47278580e-22
 2.52232240e+03 1.47610920e-22
 2.52813890e+03 1.47944050e-22
 2.53396880e+03 1.48277950e-22
 2.53981220e+03 1.48612640e-22
 2.54566900e+03 1.48948120e-22
 2.55153930e+03 1.49284380e-22
 2.55742320e+03 1.49621440e-22
 2.56332060e+03 1.49959280e-22
 2.56923170e+03 1.50297920e-22
 2.57515630e+03 1.50637360e-22
 2.58109470e+03 1.50977590e-22
 2.58704670e+03 1.51318620e-22
 2.59301240e+03 1.51660450e-22
 2.59899200e+03 1.52003080e-22
 2.60498520e+03 1.52346520e-22
 2.61099240e+03 1.52690760e-22
 2.61701330e+03 1.53035820e-22
 2.62304820e+03 1.53381680e-22
 2.62909700e+03 1.53728350e-22
 2.63515970e+03 1.54075840e-22
 2.64123640e+03 1.54424140e-22
 2.64732710e+03 1.54773260e-22
 2.65343180e+03 1.55123190e-22
 2.65955070e+03 1.55473950e-22
 2.66568360e+03 1.55825540e-22
 2.67183070e+03 1.56177940e-22
 2.67799200e+03 1.56531170e-22
 2.68416740e+03 1.56885230e-22
 2.69035710e+03 1.57240120e-22
 2.69656110e+03 1.57595840e-22
 2.70277940e+03 1.57952400e-22
 2.70901210e+03 1.58309790e-22
 2.71525910e+03 1.58668020e-22
 2.72152050e+03 1.59027090e-22
 2.72779630e+03 1.59387000e-22
 2.73408660e+03 1.59747760e-22
 2.74039150e+03 1.60109360e-22
 2.74671080e+03 1.60471800e-22
 2.75304480e+03 1.60835100e-22
 2.75939330e+03 1.61199250e-22
 2.76575650e+03 1.61564250e-22
 2.77213430e+03 1.61930100e-22
 2.77852690e+03 1.62296810e-22
 2.78493420e+03 1.62664390e-22
 2.79135630e+03 1.63032820e-22
 2.79779320e+03 1.63402110e-22
 2.80424490e+03 1.63772270e-22
 2.81071150e+03 1.64143300e-22
 2.81719300e+03 1.64515190e-22
 2.82368950e+03 1.64887960e-22
 2.83020100e+03 1.65261600e-22
 2.83672740e+03 1.65636110e-22
 2.84326890e+03 1.66011500e-22
 2.84982550e+03 1.66387770e-22
 2.85639720e+03 1.66764920e-22
 2.86298410e+03 1.67142950e-22
 2.86958620e+03 1.67521870e-22
 2.87620350e+03 1.67901670e-22
 2.88283600e+03 1.68282370e-22
 2.88948390e+03 1.68663950e-22
 2.89614700e+03 1.69046420e-22
 2.90282560e+03 1.69429790e-22
 2.90951950e+03 1.69814060e-22
 2.91622890e+03 1.70199230e-22
 2.92295370e+03 1.70585290e-22
 2.92969410e+03 1.70972260e-22
 2.93645000e+03 1.71360140e-22
 2.94322150e+03 1.71748920e-22
 2.95000850e+03 1.72138610e-22
 2.95681130e+03 1.72529210e-22
 2.96362970e+03 1.72920720e-22
 2.97046390e+03 1.73313150e-22
 2.97731380e+03 1.73706500e-22
 2.98417950e+03 1.74100770e-22
 2.99106100e+03 1.74495960e-22
 2.99795840e+03 1.74892070e-22
 3.00487180e+03 1.75289110e-22
 3.01180100e+03 1.75687080e-22
 3.01874630e+03 1.76085980e-22
 3.02570750e+03 1.76485810e-22
 3.03268480e+03 1.76886570e-22
 3.03967820e+03 1.77288270e-22
 3.04668770e+03 1.77690910e-22
 3.05371340e+03 1.78094490e-22
 3.06075530e+03 1.78499010e-22
 3.06781340e+03 1.78904480e-22
 3.07488780e+03 1.79310890e-22
 3.08197850e+03 1.79718260e-22
 3.08908560e+03 1.80126570e-22
 3.09620910e+03 1.80535860e-22
 3.10334890e+03 1.80946070e-22
 3.11050530e+03 1.81357250e-22
 3.11767810e+03 1.81769390e-22
 3.12486750e+03 1.82182490e-22
 3.13207350e+03 1.82596560e-22
 3.13929610e+03 1.83011600e-22
 3.14653530e+03 1.83427600e-22
 3.15379130e+03 1.83844580e-22
 3.16106390e+03 1.84262530e-22
 3.16835340e+03 1.84681450e-22
 3.17565960e+03 1.85101350e-22
 3.18298270e+03 1.85522230e-22
 3.19032270e+03 1.85944100e-22
 3.19767960e+03 1.86366950e-22
 3.20505350e+03 1.86790780e-22
 3.21244430e+03 1.87215600e-22
 3.21985230e+03 1.87641420e-22
 3.22727730e+03 1.88068230e-22
 3.23471940e+03 1.88496030e-22
 3.24217870e+03 1.88924840e-22
 3.24965520e+03 1.89354640e-22
 3.25714890e+03 1.89785440e-22
 3.26465990e+03 1.90217250e-22
 3.27218820e+03 1.90650070e-22
 3.27973390e+03 1.91083900e-22
 3.28729700e+03 1.91518730e-22
 3.29487760e+03 1.91954590e-22
 3.30247560e+03 1.92391450e-22
 3.31009110e+03 1.92829340e-22
 3.31772420e+03 1.93268250e-22
 3.32537490e+03 1.93708180e-22
 3.33304320e+03 1.94149140e-22
 3.34072930e+03 1.94591120e-22
 3.34843300e+03 1.95034140e-22
 3.35615450e+03 1.95478190e-22
 3.36389380e+03 1.95923270e-22
 3.37165100e+03 1.96369390e-22
 3.37942610e+03 1.96816550e-22
 3.38721900e+03 1.97264750e-22
 3.39503000e+03 1.97714000e-22
 3.40285900e+03 1.98164290e-22
 3.41070600e+03 1.98615630e-22
 3.41857110e+03 1.99068030e-22
 3.42645430e+03 1.99521480e-22
 3.43435580e+03 1.99975980e-22
 3.44227540e+03 2.00431550e-22
 3.45021330e+03 2.00888170e-22
 3.45816950e+03 2.01345860e-22
 3.46614410e+03 2.01804620e-22
 3.47413710e+03 2.02264440e-22
 3.48214850e+03 2.02725340e-22
 3.49017830e+03 2.03187300e-22
 3.49822670e+03 2.03650350e-22
 3.50629360e+03 2.04114470e-22
 3.51437920e+03 2.04579670e-22
 3.52248340e+03 2.05045960e-22
 3.53060620e+03 2.05513330e-22
 3.53874780e+03 2.05981800e-22
 3.54690820e+03 2.06451350e-22
 3.55508740e+03 2.06921990e-22
 3.56328550e+03 2.07393730e-22
 3.57150240e+03 2.07866570e-22
 3.57973830e+03 2.08340510e-22
 3.58799320e+03 2.08815550e-22
 3.59626720e+03 2.09291700e-22
 3.60456020e+03 2.09768960e-22
 3.61287240e+03 2.10247330e-22
 3.62120370e+03 2.10726810e-22
 3.62955420e+03 2.11207410e-22
 3.63792400e+03 2.11689120e-22
 3.64631300e+03 2.12171960e-22
 3.65472150e+03 2.12655920e-22
 3.66314930e+03 2.13141010e-22
 3.67159650e+03 2.13627220e-22
 3.68006330e+03 2.14114570e-22
 3.68854950e+03 2.14603050e-22
 3.69705530e+03 2.15092670e-22
 3.70558080e+03 2.15583430e-22
 3.71412590e+03 2.16075320e-22
 3.72269070e+03 2.16568370e-22
 3.73127520e+03 2.17062560e-22
 3.73987960e+03 2.17557900e-22
 3.74850380e+03 2.18054390e-22
 3.75714790e+03 2.18552040e-22
 3.76581190e+03 2.19050850e-22
 3.77449590e+03 2.19550810e-22
 3.78319990e+03 2.20051940e-22
 3.79192400e+03 2.20554230e-22
 3.80066820e+03 2.21057700e-22
 3.80943250e+03 2.21562330e-22
 3.81821710e+03 2.22068140e-22
 3.82702200e+03 2.22575120e-22
 3.83584710e+03 2.23083280e-22
 3.84469260e+03 2.23592630e-22
 3.85355850e+03 2.24103150e-22
 3.86244480e+03 2.24614870e-22
 3.87135160e+03 2.25127770e-22
 3.88027900e+03 2.25641870e-22
 3.88922700e+03 2.26157160e-22
 3.89819550e+03 2.26673650e-22
 3.90718480e+03 2.27191340e-22
 3.91619480e+03 2.27710230e-22
 3.92522560e+03 2.28230330e-22
 3.93427720e+03 2.28751640e-22
 3.94334970e+03 2.29274160e-22
 3.95244310e+03 2.29797890e-22
 3.96155740e+03 2.30322840e-22
 3.97069280e+03 2.30849020e-22
 3.97984930e+03 2.31376470e-22
 3.98902680e+03 2.31905030e-22
 3.99822550e+03 2.32434880e-22
 4.00744550e+03 2.32965960e-22
 4.01668670e+03 2.33498270e-22
 4.02594920e+03 2.34031820e-22
 4.03523310e+03 2.34566610e-22
 4.04453830e+03 2.35102640e-22
 4.05386510e+03 2.35639920e-22
 4.06321330e+03 2.36178440e-22
 4.07258310e+03 2.36718220e-22
 4.08197450e+03 2.37259250e-22
 4.09138760e+03 2.37801530e-22
 4.10082240e+03 2.38345080e-22
 4.11027890e+03 2.38889890e-22
 4.11975720e+03 2.39435960e-22
 4.12925740e+03 2.39983310e-22
 4.13877950e+03 2.40531920e-22
 4.14832360e+03 2.41081810e-22
 4.15788960e+03 2.41632970e-22
 4.16747780e+03 2.42185420e-22
 4.17708800e+03 2.42739150e-22
 4.18672040e+03 2.43294160e-22
 4.19637500e+03 2.43850460e-22
 4.20605190e+03 2.44408060e-22
 4.21575110e+03 2.44966950e-22
 4.22547260e+03 2.45527130e-22
 4.23521660e+03 2.46088620e-22
 4.24498300e+03 2.46651410e-22
 4.25477200e+03 2.47215510e-22
 4.26458350e+03 2.47780910e-22
 4.27441770e+03 2.48347630e-22
 4.28427450e+03 2.48915670e-22
 4.29415410e+03 2.49485020e-22
 4.30405650e+03 2.50055700e-22
 4.31398160e+03 2.50627700e-22
 4.32392970e+03 2.51201020e-22
 4.33390070e+03 2.51775680e-22
 4.34389470e+03 2.52351670e-22
 4.35391180e+03 2.52929000e-22
 4.36395190e+03 2.53507670e-22
 4.37401530e+03 2.54087680e-22
 4.38410180e+03 2.54669040e-22
 4.39421150e+03 2.55251750e-22
 4.40434460e+03 2.55835810e-22
 4.41450110e+03 2.56421220e-22
 4.42468100e+03 2.57007990e-22
 4.43488430e+03 2.57596130e-22
 4.44511120e+03 2.58185630e-22
 4.45536160e+03 2.58776490e-22
 4.46563570e+03 2.59368730e-22
 4.47593350e+03 2.59962340e-22
 4.48625510e+03 2.60557330e-22
 4.49660040e+03 2.61153700e-22
 4.50696960e+03 2.61751460e-22
 4.51736270e+03 2.62350590e-22
 4.52777980e+03 2.62951120e-22
 4.53822090e+03 2.63553050e-22
 4.54868600e+03 2.64156370e-22
 4.55917530e+03 2.64761080e-22
 4.56968880e+03 2.65367200e-22
 4.58022660e+03 2.65974730e-22
 4.59078860e+03 2.66583670e-22
 4.60137500e+03 2.67194020e-22
 4.61198580e+03 2.67805780e-22
 4.62262110e+03 2.68418960e-22
 4.63328090e+03 2.69033570e-22
 4.64396530e+03 2.69649600e-22
 4.65467430e+03 2.70267060e-22
 4.66540800e+03 2.70885950e-22
 4.67616650e+03 2.71506270e-22
 4.68694970e+03 2.72128040e-22
 4.69775790e+03 2.72751240e-22
 4.70859100e+03 2.73375890e-22
 4.71944900e+03 2.74001990e-22
 4.73033210e+03 2.74629540e-22
 4.74124030e+03 2.75258550e-22
 4.75217360e+03 2.75889010e-22
 4.76313210e+03 2.76520940e-22
 4.77411600e+03 2.77154330e-22
 4.78512510e+03 2.77789200e-22
 4.79615970e+03 2.78425520e-22
 4.80721960e+03 2.79063330e-22
 4.81830510e+03 2.79702610e-22
 4.82941620e+03 2.80343380e-22
 4.84055280e+03 2.80985630e-22
 4.85171520e+03 2.81629380e-22
 4.86290330e+03 2.82274610e-22
 4.87411720e+03 2.82921340e-22
 4.88535690e+03 2.83569570e-22
 4.89662260e+03 2.84219300e-22
 4.90791420e+03 2.84870530e-22
 4.91923190e+03 2.85523280e-22
 4.93057570e+03 2.86177540e-22
 4.94194570e+03 2.86833310e-22
 4.95334180e+03 2.87490610e-22
 4.96476430e+03 2.88149430e-22
 4.97621310e+03 2.88809770e-22
 4.98768820e+03 2.89471650e-22
 4.99918990e+03 2.90135060e-22
 5.01071810e+03 2.90800000e-22
 5.02227280e+03 2.91466490e-22
 5.03385420e+03 2.92134520e-22
 5.04546230e+03 2.92804100e-22
 5.05709720e+03 2.93475230e-22
 5.06875890e+03 2.94147920e-22
 5.08044750e+03 2.94822160e-22
 5.09216300e+03 2.95497970e-22
 5.10390560e+03 2.96175340e-22
 5.11567530e+03 2.96854280e-22
 5.12747200e+03 2.97534800e-22
 5.13929600e+03 2.98216890e-22
 5.15114730e+03 2.98900560e-22
 5.16302590e+03 2.99585810e-22
 5.17493190e+03 3.00272660e-22
 5.18686530e+03 3.00961090e-22
 5.19882620e+03 3.01651120e-22
 5.21081480e+03 3.02342750e-22
 5.22283090e+03 3.03035980e-22
 5.23487480e+03 3.03730810e-22
 5.24694650e+03 3.04427250e-22
 5.25904600e+03 3.05125310e-22
 5.27117340e+03 3.05824990e-22
 5.28332880e+03 3.06526280e-22
 5.29551220e+03 3.07229200e-22
 5.30772360e+03 3.07933750e-22
 5.31996330e+03 3.08639930e-22
 5.33223120e+03 3.09347740e-22
 5.34452730e+03 3.10057190e-22
 5.35685190e+03 3.10768290e-22
 5.36920480e+03 3.11481030e-22
 5.38158620e+03 3.12195430e-22
 5.39399620e+03 3.12911480e-22
 5.40643480e+03 3.13629180e-22
 5.41890210e+03 3.14348550e-22
 5.43139810e+03 3.15069580e-22
 5.44392300e+03 3.15792290e-22
 5.45647670e+03 3.16516670e-22
 5.46905940e+03 3.17242720e-22
 5.48167110e+03 3.17970460e-22
 5.49431180e+03 3.18699880e-22
 5.50698180e+03 3.19430990e-22
 5.51968090e+03 3.20163790e-22
 5.53240930e+03 3.20898290e-22
 5.54516710e+03 3.21634490e-22
 5.55795430e+03 3.22372390e-22
 5.57077100e+03 3.23112000e-22
 5.58361720e+03 3.23853330e-22
 5.59649310e+03 3.24596370e-22
 5.60939860e+03 3.25341130e-22
 5.62233400e+03 3.26087610e-22
 5.63529910e+03 3.26835820e-22
 5.64829420e+03 3.27585770e-22
 5.66131920e+03 3.28337450e-22
 5.67437420e+03 3.29090870e-22
 5.68745940e+03 3.29846040e-22
 5.70057470e+03 3.30602950e-22
 5.71372020e+03 3.31361610e-22
 5.72689610e+03 3.32122040e-22
 5.74010240e+03 3.32884220e-22
 5.75333910e+03 3.33648160e-22
 5.76660640e+03 3.34413870e-22
 5.77990420e+03 3.35181360e-22
 5.79323270e+03 3.35950620e-22
 5.80659190e+03 3.36721660e-22
 5.81998200e+03 3.37494490e-22
 5.83340290e+03 3.38269110e-22
 5.84685480e+03 3.39045520e-22
 5.86033770e+03 3.39823720e-22
 5.87385170e+03 3.40603730e-22
 5.88739680e+03 3.41385540e-22
 5.90097320e+03 3.42169160e-22
 5.91458090e+03 3.42954590e-22
 5.92821990e+03 3.43741840e-22
 5.94189050e+03 3.44530910e-22
 5.95559250e+03 3.45321810e-22
 5.96932620e+03 3.46114540e-22
 5.98309150e+03 3.46909100e-22
 5.99688850e+03 3.47705510e-22
 6.01071740e+03 3.48503750e-22
 6.02457810e+03 3.49303840e-22
 6.03847090e+03 3.50105780e-22
 6.05239560e+03 3.50909580e-22
 6.06635250e+03 3.51715240e-22
 6.08034160e+03 3.52522760e-22
 6.09436290e+03 3.53332150e-22
 6.10841650e+03 3.54143420e-22
 6.12250260e+03 3.54956560e-22
 6.13662110e+03 3.55771580e-22
 6.15077220e+03 3.56588480e-22
 6.16495590e+03 3.57407280e-22
 6.17917240e+03 3.58227970e-22
 6.19342160e+03 3.59050560e-22
 6.20770370e+03 3.59875050e-22
 6.22201870e+03 3.60701450e-22
 6.23636670e+03 3.61529760e-22
 6.25074780e+03 3.62359990e-22
 6.26516210e+03 3.63192210e-22
 6.27960960e+03 3.64026210e-22
 6.29409040e+03 3.64862210e-22
 6.30860460e+03 3.65700150e-22
 6.32315230e+03 3.66540020e-22
 6.33773360e+03 3.67381840e-22
 6.35234840e+03 3.68225600e-22
 6.36699700e+03 3.69071320e-22
 6.38167930e+03 3.69918990e-22
 6.39639550e+03 3.70768620e-22
 6.41114570e+03 3.71620220e-22
 6.42592980e+03 3.72473790e-22
 6.44074810e+03 3.73329330e-22
 6.45560050e+03 3.74186850e-22
 6.47048710e+03 3.75046350e-22
 6.48540810e+03 3.75907840e-22
 6.50036350e+03 3.76771330e-22
 6.51535340e+03 3.77636810e-22
 6.53037790e+03 3.78504290e-22
 6.54543700e+03 3.79373780e-22
 6.56053080e+03 3.80245280e-22
 6.57565940e+03 3.81118790e-22
 6.59082300e+03 3.81994330e-22
 6.60602150e+03 3.82871880e-22
 6.62125500e+03 3.83751470e-22
 6.63652370e+03 3.84633100e-22
 6.65182750e+03 3.85516760e-22
 6.66716670e+03 3.86402460e-22
 6.68254120e+03 3.87290210e-22
 6.69795120e+03 3.88180020e-22
 6.71339680e+03 3.89071880e-22
 6.72887790e+03 3.89965810e-22
 6.74439470e+03 3.90861800e-22
 6.75994740e+03 3.91759860e-22
 6.77553590e+03 3.92660000e-22
 6.79116030e+03 3.93562220e-22
 6.80682080e+03 3.94466530e-22
 6.82251730e+03 3.95372930e-22
 6.83825010e+03 3.96281420e-22
 6.85401920e+03 3.97192020e-22
 6.86982460e+03 3.98104720e-22
 6.88566650e+03 3.99019530e-22
 6.90154490e+03 3.99936450e-22
 6.91745990e+03 4.00855500e-22
 6.93341160e+03 4.01776670e-22
 6.94940010e+03 4.02699970e-22
 6.96542550e+03 4.03625400e-22
 6.98148780e+03 4.04552970e-22
 6.99758720e+03 4.05482690e-22
 7.01372360e+03 4.06414560e-22
 7.02989730e+03 4.07348580e-22
 7.04610830e+03 4.08284760e-22
 7.06235670e+03 4.09223110e-22
 7.07864260e+03 4.10163620e-22
 7.09496600e+03 4.11106310e-22
 7.11132700e+03 4.12051170e-22
 7.12772580e+03 4.12998220e-22
 7.14416240e+03 4.13947470e-22
 7.16063690e+03 4.14898900e-22
 7.17714940e+03 4.15852530e-22
 7.19369990e+03 4.16808370e-22
 7.21028860e+03 4.17766420e-22
 7.22691560e+03 4.18726680e-22
 7.24358090e+03 4.19689160e-22
 7.26028470e+03 4.20653870e-22
 7.27702700e+03 4.21620800e-22
 7.29380790e+03 4.22589980e-22
 7.31062740e+03 4.23561390e-22
 7.32748580e+03 4.24535040e-22
 7.34438300e+03 4.25510950e-22
 7.36131920e+03 4.26489110e-22
 7.37829450e+03 4.27469530e-22
 7.39530890e+03 4.28452220e-22
 7.41236250e+03 4.29437180e-22
 7.42945550e+03 4.30424420e-22
 7.44658790e+03 4.31413940e-22
 7.46375980e+03 4.32405740e-22
 7.48097130e+03 4.33399840e-22
 7.49822240e+03 4.34396230e-22
 7.51551340e+03 4.35394930e-22
 7.53284420e+03 4.36395940e-22
 7.55021500e+03 4.37399250e-22
 7.56762590e+03 4.38404890e-22
 7.58507690e+03 4.39412850e-22
 7.60256810e+03 4.40423140e-22
 7.62009970e+03 4.41435770e-22
 7.63767170e+03 4.42450730e-22
 7.65528420e+03 4.43468040e-22
 7.67293740e+03 4.44487710e-22
 7.69063120e+03 4.45509720e-22
 7.70836590e+03 4.46534100e-22
 7.72614140e+03 4.47560850e-22
 7.74395800e+03 4.48589970e-22
 7.76181560e+03 4.49621460e-22
 7.77971440e+03 4.50655350e-22
 7.79765450e+03 4.51691610e-22
 7.81563590e+03 4.52730280e-22
 7.83365890e+03 4.53771340e-22
 7.85172330e+03 4.54814810e-22
 7.86982950e+03 4.55860690e-22
 7.88797740e+03 4.56908990e-22
 7.90616710e+03 4.57959710e-22
 7.92439880e+03 4.59012850e-22
 7.94267250e+03 4.60068430e-22
 7.96098840e+03 4.61126450e-22
 7.97934650e+03 4.62186920e-22
 7.99774690e+03 4.63249830e-22
 8.01618980e+03 4.64315200e-22
 8.03467520e+03 4.65383030e-22
 8.05320320e+03 4.66453350e-22
 8.07177390e+03 4.67526100e-22
 8.09038750e+03 4.68601350e-22
 8.10904400e+03 4.69679080e-22
 8.12774350e+03 4.70759310e-22
 8.14648610e+03 4.71842030e-22
 8.16527200e+03 4.72927250e-22
 8.18410120e+03 4.74014970e-22
 8.20297380e+03 4.75105210e-22
 8.22188990e+03 4.76197970e-22
 8.24084960e+03 4.77293260e-22
 8.25985310e+03 4.78391070e-22
 8.27890040e+03 4.79491420e-22
 8.29799160e+03 4.80594310e-22
 8.31712680e+03 4.81699750e-22
 8.33630620e+03 4.82807740e-22
 8.35552980e+03 4.83918300e-22
 8.37479770e+03 4.85031420e-22
 8.39411000e+03 4.86147110e-22
 8.41346690e+03 4.87265370e-22
 8.43286840e+03 4.88386220e-22
 8.45231470e+03 4.89509660e-22
 8.47180580e+03 4.90635700e-22
 8.49134190e+03 4.91764330e-22
 8.51092300e+03 4.92895570e-22
 8.53054920e+03 4.94029430e-22
 8.55022070e+03 4.95165900e-22
 8.56993760e+03 4.96305000e-22
 8.58969990e+03 4.97446740e-22
 8.60950780e+03 4.98591100e-22
 8.62936140e+03 4.99738120e-22
 8.64926080e+03 5.00887780e-22
 8.66920610e+03 5.02040090e-22
 8.68919730e+03 5.03195070e-22
 8.70923470e+03 5.04352720e-22
 8.72931820e+03 5.05513040e-22
 8.74944810e+03 5.06676040e-22
 8.76962440e+03 5.07841720e-22
 8.78984720e+03 5.09010100e-22
 8.81011670e+03 5.10181180e-22
 8.83043290e+03 5.11354960e-22
 8.85079590e+03 5.12531450e-22
 8.87120590e+03 5.13710660e-22
 8.89166300e+03 5.14892590e-22
 8.91216720e+03 5.16077260e-22
 8.93271880e+03 5.17264650e-22
 8.95331770e+03 5.18454800e-22
 8.97396410e+03 5.19647690e-22
 8.99465810e+03 5.20843330e-22
 9.01539990e+03 5.22041740e-22
 9.03618950e+03 5.23242910e-22
 9.05702700e+03 5.24446860e-22
 9.07791260e+03 5.25653590e-22
 9.09884630e+03 5.26863100e-22
 9.11982830e+03 5.28075410e-22
 9.14085870e+03 5.29290520e-22
 9.16193760e+03 5.30508440e-22
 9.18306510e+03 5.31729160e-22
 9.20424130e+03 5.32952710e-22
 9.22546640e+03 5.34179080e-22
 9.24674040e+03 5.35408290e-22
 9.26806340e+03 5.36640330e-22
 9.28943560e+03 5.37875220e-22
 9.31085710e+03 5.39112960e-22
 9.33232800e+03 5.40353550e-22
 9.35384850e+03 5.41597020e-22
 9.37541850e+03 5.42843350e-22
 9.39703830e+03 5.44092560e-22
 9.41870790e+03 5.45344660e-22
 9.44042760e+03 5.46599650e-22
 9.46219730e+03 5.47857530e-22
 9.48401720e+03 5.49118330e-22
 9.50588740e+03 5.50382030e-22
 9.52780800e+03 5.51648650e-22
 9.54977920e+03 5.52918190e-22
 9.57180110e+03 5.54190670e-22
 9.59387370e+03 5.55466080e-22
 9.61599730e+03 5.56744440e-22
 9.63817180e+03 5.58025760e-22
 9.66039750e+03 5.59310030e-22
 9.68267450e+03 5.60597260e-22
 9.70500280e+03 5.61887470e-22
 9.72738260e+03 5.63180660e-22
 9.74981400e+03 5.64476830e-22
 9.77229720e+03 5.65776000e-22
 9.79483220e+03 5.67078160e-22
 9.81741910e+03 5.68383340e-22
 9.84005820e+03 5.69691520e-22
 9.86274940e+03 5.71002730e-22
 9.88549300e+03 5.72316960e-22
 9.90828900e+03 5.73634230e-22
 9.93113760e+03 5.74954540e-22
 9.95403890e+03 5.76277900e-22
 9.97699300e+03 5.77604310e-22
 1.00000000e+04 5.78933790e-22
