 9.00000000e+00 3.18208193e-42
 9.02039980e+00 4.87900905e-42
 9.04084580e+00 8.66867166e-42
 9.06133820e+00 2.02999448e-41
 9.08187700e+00 9.92337973e-41
 9.10246240e+00 1.71102856e-39
 9.12309440e+00 4.39961146e-41
 9.14377330e+00 1.29071326e-41
 9.16449890e+00 6.07036218e-42
 9.18527160e+00 3.52898918e-42
 9.20609130e+00 2.31864605e-42
 9.22695830e+00 1.65120830e-42
 9.24787250e+00 1.24547006e-42
 9.26883410e+00 9.80999879e-43
 9.28984330e+00 7.99312510e-43
 9.31090000e+00 6.69259091e-43
 9.33200450e+00 5.73031710e-43
 9.35315680e+00 4.99860920e-43
 9.37435710e+00 4.42929049e-43
 9.39560540e+00 3.97753239e-43
 9.41690190e+00 3.61289893e-43
 9.43824670e+00 3.31415234e-43
 9.45963980e+00 3.06611808e-43
 9.48108150e+00 2.85772665e-43
 9.50257170e+00 2.68075407e-43
 9.52411070e+00 2.52899096e-43
 9.54569840e+00 2.39768003e-43
 9.56733510e+00 2.28312889e-43
 9.58902090e+00 2.18243754e-43
 9.61075570e+00 2.09330398e-43
 9.63253990e+00 2.01388239e-43
 9.65437340e+00 1.94267976e-43
 9.67625650e+00 1.87847834e-43
 9.69818910e+00 1.82027714e-43
 9.72017140e+00 1.76724784e-43
 9.74220360e+00 1.71870018e-43
 9.76428570e+00 1.67405539e-43
 9.78641790e+00 1.63282554e-43
 9.80860020e+00 1.59459705e-43
 9.83083280e+00 1.55901769e-43
 9.85311580e+00 1.52578586e-43
 9.87544930e+00 1.49464215e-43
 9.89783340e+00 1.46536292e-43
 9.92026830e+00 1.43775387e-43
 9.94275400e+00 1.41164624e-43
 9.96529070e+00 1.38689245e-43
 9.98787840e+00 1.36336339e-43
 1.00105170e+01 1.34094552e-43
 1.00332080e+01 1.31953868e-43
 1.00559490e+01 1.29905445e-43
 1.00787430e+01 1.27941414e-43
 1.01015880e+01 1.26054786e-43
 1.01244840e+01 1.24239331e-43
 1.01474330e+01 1.22489479e-43
 1.01704330e+01 1.20800241e-43
 1.01934860e+01 1.19167134e-43
 1.02165910e+01 1.17586116e-43
 1.02397490e+01 1.16053555e-43
 1.02629580e+01 1.14566165e-43
 1.02862210e+01 1.13120956e-43
 1.03095360e+01 1.11715235e-43
 1.03329040e+01 1.10346535e-43
 1.03563250e+01 1.09012625e-43
 1.03797990e+01 1.07711453e-43
 1.04033270e+01 1.06441151e-43
 1.04269070e+01 1.05200016e-43
 1.04505410e+01 1.03986482e-43
 1.04742290e+01 1.02799095e-43
 1.04979700e+01 1.01636539e-43
 1.05217650e+01 1.00497591e-43
 1.05456150e+01 9.93811250e-44
 1.05695180e+01 9.82860935e-44
 1.05934750e+01 9.72115325e-44
 1.06174870e+01 9.61565523e-44
 1.06415530e+01 9.51203304e-44
 1.06656730e+01 9.41020780e-44
 1.06898490e+01 9.31010887e-44
 1.07140790e+01 9.21166933e-44
 1.07383640e+01 9.11482714e-44
 1.07627040e+01 9.01952258e-44
 1.07870990e+01 8.92570237e-44
 1.08115490e+01 8.83331540e-44
 1.08360550e+01 8.74231320e-44
 1.08606170e+01 8.65265051e-44
 1.08852340e+01 8.56428578e-44
 1.09099070e+01 8.47717930e-44
 1.09346360e+01 8.39129265e-44
 1.09594210e+01 8.30659148e-44
 1.09842620e+01 8.22304144e-44
 1.10091590e+01 8.14061158e-44
 1.10341130e+01 8.05927145e-44
 1.10591240e+01 7.97899280e-44
 1.10841910e+01 7.89974949e-44
 1.11093150e+01 7.82151467e-44
 1.11344950e+01 7.74426525e-44
 1.11597330e+01 7.66797739e-44
 1.11850280e+01 7.59262925e-44
 1.12103810e+01 7.51819987e-44
 1.12357910e+01 7.44466914e-44
 1.12612580e+01 7.37201834e-44
 1.12867840e+01 7.30022849e-44
 1.13123670e+01 7.22928192e-44
 1.13380080e+01 7.15916286e-44
 1.13637070e+01 7.08985413e-44
 1.13894650e+01 7.02134041e-44
 1.14152800e+01 6.95360762e-44
 1.14411550e+01 6.88664030e-44
 1.14670880e+01 6.82042531e-44
 1.14930800e+01 6.75494966e-44
 1.15191300e+01 6.69020004e-44
 1.15452400e+01 6.62616431e-44
 1.15714090e+01 6.56283000e-44
 1.15976370e+01 6.50018685e-44
 1.16239250e+01 6.43822216e-44
 1.16502720e+01 6.37692645e-44
 1.16766790e+01 6.31628834e-44
 1.17031460e+01 6.25629809e-44
 1.17296730e+01 6.19694557e-44
 1.17562600e+01 6.13822179e-44
 1.17829070e+01 6.08011737e-44
 1.18096150e+01 6.02262252e-44
 1.18363830e+01 5.96572956e-44
 1.18632120e+01 5.90942893e-44
 1.18901020e+01 5.85371314e-44
 1.19170520e+01 5.79857332e-44
 1.19440640e+01 5.74400264e-44
 1.19711370e+01 5.68999242e-44
 1.19982710e+01 5.63653552e-44
 1.20254670e+01 5.58362486e-44
 1.20527250e+01 5.53125252e-44
 1.20800440e+01 5.47941252e-44
 1.21074250e+01 5.42809711e-44
 1.21348680e+01 5.37729999e-44
 1.21623740e+01 5.32701494e-44
 1.21899410e+01 5.27723489e-44
 1.22175720e+01 5.22795421e-44
 1.22452640e+01 5.17916596e-44
 1.22730200e+01 5.13086466e-44
 1.23008390e+01 5.08304440e-44
 1.23287200e+01 5.03569936e-44
 1.23566650e+01 4.98882378e-44
 1.23846730e+01 4.94241237e-44
 1.24127450e+01 4.89645906e-44
 1.24408800e+01 4.85095868e-44
 1.24690790e+01 4.80590613e-44
 1.24973420e+01 4.76129594e-44
 1.25256690e+01 4.71712355e-44
 1.25540600e+01 4.67338313e-44
 1.25825160e+01 4.63007067e-44
 1.26110360e+01 4.58718087e-44
 1.26396210e+01 4.54470853e-44
 1.26682700e+01 4.50264973e-44
 1.26969850e+01 4.46099936e-44
 1.27257640e+01 4.41975317e-44
 1.27546090e+01 4.37890654e-44
 1.27835190e+01 4.33845533e-44
 1.28124950e+01 4.29839459e-44
 1.28415360e+01 4.25872025e-44
 1.28706440e+01 4.21942869e-44
 1.28998170e+01 4.18051511e-44
 1.29290560e+01 4.14197554e-44
 1.29583620e+01 4.10380608e-44
 1.29877340e+01 4.06600285e-44
 1.30171720e+01 4.02856201e-44
 1.30466770e+01 3.99147934e-44
 1.30762500e+01 3.95475110e-44
 1.31058890e+01 3.91837353e-44
 1.31355950e+01 3.88234336e-44
 1.31653690e+01 3.84665650e-44
 1.31952100e+01 3.81130974e-44
 1.32251190e+01 3.77629868e-44
 1.32550960e+01 3.74162094e-44
 1.32851400e+01 3.70727221e-44
 1.33152530e+01 3.67324938e-44
 1.33454340e+01 3.63954936e-44
 1.33756830e+01 3.60616834e-44
 1.34060010e+01 3.57310328e-44
 1.34363880e+01 3.54035082e-44
 1.34668430e+01 3.50790761e-44
 1.34973680e+01 3.47577109e-44
 1.35279610e+01 3.44393760e-44
 1.35586240e+01 3.41240424e-44
 1.35893570e+01 3.38116779e-44
 1.36201590e+01 3.35022542e-44
 1.36510310e+01 3.31957432e-44
 1.36819730e+01 3.28921098e-44
 1.37129850e+01 3.25913336e-44
 1.37440680e+01 3.22933767e-44
 1.37752210e+01 3.19982154e-44
 1.38064440e+01 3.17058230e-44
 1.38377390e+01 3.14161693e-44
 1.38691040e+01 3.11292281e-44
 1.39005400e+01 3.08449731e-44
 1.39320480e+01 3.05633750e-44
 1.39636270e+01 3.02844117e-44
 1.39952770e+01 3.00080509e-44
 1.40270000e+01 2.97342707e-44
 1.40587940e+01 2.94630462e-44
 1.40906600e+01 2.91943527e-44
 1.41225990e+01 2.89281623e-44
 1.41546100e+01 2.86644539e-44
 1.41866930e+01 2.84032002e-44
 1.42188490e+01 2.81443772e-44
 1.42510780e+01 2.78879613e-44
 1.42833800e+01 2.76339323e-44
 1.43157560e+01 2.73822602e-44
 1.43482040e+01 2.71329288e-44
 1.43807270e+01 2.68859117e-44
 1.44133230e+01 2.66411895e-44
 1.44459930e+01 2.63987365e-44
 1.44787360e+01 2.61585305e-44
 1.45115550e+01 2.59205524e-44
 1.45444470e+01 2.56847773e-44
 1.45774140e+01 2.54511865e-44
 1.46104560e+01 2.52197585e-44
 1.46435730e+01 2.49904720e-44
 1.46767640e+01 2.47633089e-44
 1.47100310e+01 2.45382450e-44
 1.47433740e+01 2.43152595e-44
 1.47767920e+01 2.40943381e-44
 1.48102860e+01 2.38754538e-44
 1.48438550e+01 2.36585928e-44
 1.48775010e+01 2.34437316e-44
 1.49112230e+01 2.32308535e-44
 1.49450210e+01 2.30199416e-44
 1.49788960e+01 2.28109731e-44
 1.50128480e+01 2.26039287e-44
 1.50468770e+01 2.23987951e-44
 1.50809830e+01 2.21955499e-44
 1.51151660e+01 2.19941773e-44
 1.51494270e+01 2.17946582e-44
 1.51837650e+01 2.15969741e-44
 1.52181810e+01 2.14011093e-44
 1.52526760e+01 2.12070484e-44
 1.52872480e+01 2.10147700e-44
 1.53218990e+01 2.08242620e-44
 1.53566280e+01 2.06355006e-44
 1.53914360e+01 2.04484766e-44
 1.54263230e+01 2.02631695e-44
 1.54612890e+01 2.00795645e-44
 1.54963340e+01 1.98976471e-44
 1.55314590e+01 1.97173973e-44
 1.55666630e+01 1.95388034e-44
 1.56019470e+01 1.93618459e-44
 1.56373110e+01 1.91865133e-44
 1.56727550e+01 1.90127862e-44
 1.57082800e+01 1.88406535e-44
 1.57438850e+01 1.86700988e-44
 1.57795710e+01 1.85011058e-44
 1.58153370e+01 1.83336610e-44
 1.58511850e+01 1.81677510e-44
 1.58871140e+01 1.80033600e-44
 1.59231250e+01 1.78404747e-44
 1.59592170e+01 1.76790796e-44
 1.59953900e+01 1.75191617e-44
 1.60316460e+01 1.73607081e-44
 1.60679840e+01 1.72037037e-44
 1.61044050e+01 1.70481358e-44
 1.61409080e+01 1.68939893e-44
 1.61774930e+01 1.67412545e-44
 1.62141620e+01 1.65899140e-44
 1.62509140e+01 1.64399555e-44
 1.62877490e+01 1.62913697e-44
 1.63246670e+01 1.61441420e-44
 1.63616700e+01 1.59982579e-44
 1.63987560e+01 1.58537058e-44
 1.64359260e+01 1.57104741e-44
 1.64731800e+01 1.55685511e-44
 1.65105190e+01 1.54279229e-44
 1.65479420e+01 1.52885781e-44
 1.65854510e+01 1.51505056e-44
 1.66230440e+01 1.50136940e-44
 1.66607230e+01 1.48781275e-44
 1.66984860e+01 1.47437999e-44
 1.67363360e+01 1.46106979e-44
 1.67742710e+01 1.44788083e-44
 1.68122930e+01 1.43481228e-44
 1.68504000e+01 1.42186283e-44
 1.68885940e+01 1.40903120e-44
 1.69268740e+01 1.39631681e-44
 1.69652420e+01 1.38371816e-44
 1.70036960e+01 1.37123421e-44
 1.70422370e+01 1.35886418e-44
 1.70808660e+01 1.34660684e-44
 1.71195820e+01 1.33446093e-44
 1.71583860e+01 1.32242594e-44
 1.71972780e+01 1.31050018e-44
 1.72362580e+01 1.29868337e-44
 1.72753260e+01 1.28697385e-44
 1.73144830e+01 1.27537112e-44
 1.73537290e+01 1.26387376e-44
 1.73930640e+01 1.25248128e-44
 1.74324880e+01 1.24119229e-44
 1.74720010e+01 1.23000610e-44
 1.75116040e+01 1.21892154e-44
 1.75512960e+01 1.20793794e-44
 1.75910790e+01 1.19705437e-44
 1.76309520e+01 1.18626951e-44
 1.76709150e+01 1.17558288e-44
 1.77109680e+01 1.16499340e-44
 1.77511130e+01 1.15450018e-44
 1.77913480e+01 1.14410235e-44
 1.78316750e+01 1.13379904e-44
 1.78720930e+01 1.12358940e-44
 1.79126030e+01 1.11347258e-44
 1.79532040e+01 1.10344772e-44
 1.79938980e+01 1.09351380e-44
 1.80346830e+01 1.08367017e-44
 1.80755620e+01 1.07391603e-44
 1.81165320e+01 1.06425055e-44
 1.81575960e+01 1.05467272e-44
 1.81987530e+01 1.04518194e-44
 1.82400030e+01 1.03577741e-44
 1.82813470e+01 1.02645813e-44
 1.83227840e+01 1.01722353e-44
 1.83643150e+01 1.00807283e-44
 1.84059410e+01 9.99005168e-45
 1.84476600e+01 9.90019826e-45
 1.84894750e+01 9.81116043e-45
 1.85313840e+01 9.72293064e-45
 1.85733880e+01 9.63550182e-45
 1.86154870e+01 9.54886615e-45
 1.86576820e+01 9.46301668e-45
 1.86999720e+01 9.37794628e-45
 1.87423580e+01 9.29364754e-45
 1.87848400e+01 9.21011364e-45
 1.88274190e+01 9.12733748e-45
 1.88700940e+01 9.04531235e-45
 1.89128660e+01 8.96403086e-45
 1.89557340e+01 8.88348682e-45
 1.89987000e+01 8.80367313e-45
 1.90417640e+01 8.72458313e-45
 1.90849250e+01 8.64621023e-45
 1.91281830e+01 8.56854804e-45
 1.91715400e+01 8.49159006e-45
 1.92149950e+01 8.41532967e-45
 1.92585490e+01 8.33976047e-45
 1.93022010e+01 8.26487647e-45
 1.93459520e+01 8.19067101e-45
 1.93898020e+01 8.11713822e-45
 1.94337520e+01 8.04427188e-45
 1.94778020e+01 7.97206569e-45
 1.95219510e+01 7.90051407e-45
 1.95662000e+01 7.82961062e-45
 1.96105500e+01 7.75934969e-45
 1.96550000e+01 7.68972516e-45
 1.96995510e+01 7.62073164e-45
 1.97442030e+01 7.55236292e-45
 1.97889560e+01 7.48461354e-45
 1.98338100e+01 7.41747790e-45
 1.98787660e+01 7.35095029e-45
 1.99238250e+01 7.28502536e-45
 1.99689850e+01 7.21969731e-45
 2.00142470e+01 7.15496091e-45
 2.00596120e+01 7.09081077e-45
 2.01050800e+01 7.02724155e-45
 2.01506520e+01 6.96424782e-45
 2.01963260e+01 6.90182448e-45
 2.02421040e+01 6.83996617e-45
 2.02879850e+01 6.77866806e-45
 2.03339710e+01 6.71792468e-45
 2.03800610e+01 6.65773130e-45
 2.04262550e+01 6.59808270e-45
 2.04725540e+01 6.53897404e-45
 2.05189580e+01 6.48040037e-45
 2.05654670e+01 6.42235677e-45
 2.06120820e+01 6.36483835e-45
 2.06588020e+01 6.30784058e-45
 2.07056280e+01 6.25135867e-45
 2.07525610e+01 6.19538768e-45
 2.07995990e+01 6.13992319e-45
 2.08467450e+01 6.08496053e-45
 2.08939970e+01 6.03049518e-45
 2.09413560e+01 5.97652253e-45
 2.09888230e+01 5.92303816e-45
 2.10363970e+01 5.87003766e-45
 2.10840790e+01 5.81751653e-45
 2.11318690e+01 5.76547044e-45
 2.11797670e+01 5.71389512e-45
 2.12277740e+01 5.66278630e-45
 2.12758900e+01 5.61213976e-45
 2.13241150e+01 5.56195117e-45
 2.13724490e+01 5.51221653e-45
 2.14208930e+01 5.46293171e-45
 2.14694460e+01 5.41409248e-45
 2.15181100e+01 5.36569479e-45
 2.15668840e+01 5.31773476e-45
 2.16157680e+01 5.27020840e-45
 2.16647640e+01 5.22311175e-45
 2.17138700e+01 5.17644089e-45
 2.17630870e+01 5.13019191e-45
 2.18124170e+01 5.08436110e-45
 2.18618580e+01 5.03894462e-45
 2.19114110e+01 4.99393852e-45
 2.19610760e+01 4.94933932e-45
 2.20108540e+01 4.90514327e-45
 2.20607450e+01 4.86134665e-45
 2.21107490e+01 4.81794592e-45
 2.21608660e+01 4.77493742e-45
 2.22110970e+01 4.73231753e-45
 2.22614410e+01 4.69008291e-45
 2.23119000e+01 4.64822987e-45
 2.23624730e+01 4.60675512e-45
 2.24131610e+01 4.56565503e-45
 2.24639630e+01 4.52492638e-45
 2.25148810e+01 4.48456570e-45
 2.25659140e+01 4.44456969e-45
 2.26170630e+01 4.40493509e-45
 2.26683280e+01 4.36565851e-45
 2.27197090e+01 4.32673686e-45
 2.27712070e+01 4.28816670e-45
 2.28228210e+01 4.24994510e-45
 2.28745520e+01 4.21206867e-45
 2.29264010e+01 4.17453441e-45
 2.29783670e+01 4.13733911e-45
 2.30304500e+01 4.10047982e-45
 2.30826520e+01 4.06395349e-45
 2.31349720e+01 4.02775710e-45
 2.31874110e+01 3.99188754e-45
 2.32399690e+01 3.95634194e-45
 2.32926450e+01 3.92111737e-45
 2.33454420e+01 3.88621089e-45
 2.33983570e+01 3.85161960e-45
 2.34513930e+01 3.81734063e-45
 2.35045490e+01 3.78337135e-45
 2.35578250e+01 3.74970869e-45
 2.36112230e+01 3.71634996e-45
 2.36647410e+01 3.68329249e-45
 2.37183800e+01 3.65053338e-45
 2.37721420e+01 3.61807014e-45
 2.38260250e+01 3.58589991e-45
 2.38800300e+01 3.55402012e-45
 2.39341570e+01 3.52242820e-45
 2.39884070e+01 3.49112148e-45
 2.40427810e+01 3.46009721e-45
 2.40972770e+01 3.42935312e-45
 2.41518970e+01 3.39888650e-45
 2.42066410e+01 3.36869488e-45
 2.42615080e+01 3.33877582e-45
 2.43165010e+01 3.30912678e-45
 2.43716170e+01 3.27974535e-45
 2.44268590e+01 3.25062904e-45
 2.44822260e+01 3.22177548e-45
 2.45377190e+01 3.19318243e-45
 2.45933370e+01 3.16484735e-45
 2.46490810e+01 3.13676792e-45
 2.47049520e+01 3.10894196e-45
 2.47609490e+01 3.08136709e-45
 2.48170740e+01 3.05404095e-45
 2.48733250e+01 3.02696151e-45
 2.49297040e+01 3.00012633e-45
 2.49862110e+01 2.97353322e-45
 2.50428460e+01 2.94718010e-45
 2.50996090e+01 2.92106481e-45
 2.51565010e+01 2.89518507e-45
 2.52135220e+01 2.86953877e-45
 2.52706720e+01 2.84412388e-45
 2.53279510e+01 2.81893822e-45
 2.53853610e+01 2.79397990e-45
 2.54429000e+01 2.76924654e-45
 2.55005700e+01 2.74473641e-45
 2.55583710e+01 2.72044726e-45
 2.56163030e+01 2.69637729e-45
 2.56743660e+01 2.67252439e-45
 2.57325600e+01 2.64888667e-45
 2.57908870e+01 2.62546207e-45
 2.58493460e+01 2.60224883e-45
 2.59079370e+01 2.57924492e-45
 2.59666610e+01 2.55644839e-45
 2.60255180e+01 2.53385756e-45
 2.60845090e+01 2.51147043e-45
 2.61436330e+01 2.48928511e-45
 2.62028910e+01 2.46729993e-45
 2.62622840e+01 2.44551296e-45
 2.63218110e+01 2.42392246e-45
 2.63814730e+01 2.40252659e-45
 2.64412710e+01 2.38132376e-45
 2.65012040e+01 2.36031197e-45
 2.65612720e+01 2.33948974e-45
 2.66214770e+01 2.31885520e-45
 2.66818190e+01 2.29840669e-45
 2.67422970e+01 2.27814249e-45
 2.68029120e+01 2.25806106e-45
 2.68636650e+01 2.23816059e-45
 2.69245550e+01 2.21843958e-45
 2.69855840e+01 2.19889633e-45
 2.70467500e+01 2.17952928e-45
 2.71080560e+01 2.16033676e-45
 2.71695000e+01 2.14131732e-45
 2.72310840e+01 2.12246923e-45
 2.72928070e+01 2.10379105e-45
 2.73546700e+01 2.08528127e-45
 2.74166730e+01 2.06693829e-45
 2.74788170e+01 2.04876062e-45
 2.75411020e+01 2.03074670e-45
 2.76035270e+01 2.01289523e-45
 2.76660950e+01 1.99520467e-45
 2.77288040e+01 1.97767349e-45
 2.77916550e+01 1.96030024e-45
 2.78546490e+01 1.94308360e-45
 2.79177860e+01 1.92602216e-45
 2.79810650e+01 1.90911443e-45
 2.80444880e+01 1.89235901e-45
 2.81080550e+01 1.87575463e-45
 2.81717660e+01 1.85929982e-45
 2.82356220e+01 1.84299323e-45
 2.82996220e+01 1.82683360e-45
 2.83637670e+01 1.81081960e-45
 2.84280570e+01 1.79494989e-45
 2.84924940e+01 1.77922309e-45
 2.85570760e+01 1.76363798e-45
 2.86218050e+01 1.74819334e-45
 2.86866800e+01 1.73288772e-45
 2.87517030e+01 1.71772010e-45
 2.88168730e+01 1.70268906e-45
 2.88821900e+01 1.68779342e-45
 2.89476560e+01 1.67303193e-45
 2.90132700e+01 1.65840345e-45
 2.90790330e+01 1.64390676e-45
 2.91449440e+01 1.62954055e-45
 2.92110060e+01 1.61530378e-45
 2.92772160e+01 1.60119526e-45
 2.93435770e+01 1.58721381e-45
 2.94100890e+01 1.57335824e-45
 2.94767510e+01 1.55962746e-45
 2.95435640e+01 1.54602033e-45
 2.96105290e+01 1.53253576e-45
 2.96776460e+01 1.51917262e-45
 2.97449140e+01 1.50592977e-45
 2.98123350e+01 1.49280626e-45
 2.98799090e+01 1.47980087e-45
 2.99476360e+01 1.46691260e-45
 3.00155170e+01 1.45414033e-45
 3.00835520e+01 1.44148314e-45
 3.01517400e+01 1.42893987e-45
 3.02200840e+01 1.41650952e-45
 3.02885820e+01 1.40419110e-45
 3.03572350e+01 1.39198357e-45
 3.04260440e+01 1.37988594e-45
 3.04950090e+01 1.36789725e-45
 3.05641300e+01 1.35601648e-45
 3.06334080e+01 1.34424266e-45
 3.07028440e+01 1.33257480e-45
 3.07724360e+01 1.32101202e-45
 3.08421860e+01 1.30955325e-45
 3.09120940e+01 1.29819772e-45
 3.09821610e+01 1.28694431e-45
 3.10523870e+01 1.27579224e-45
 3.11227710e+01 1.26474055e-45
 3.11933150e+01 1.25378829e-45
 3.12640200e+01 1.24293463e-45
 3.13348840e+01 1.23217863e-45
 3.14059090e+01 1.22151942e-45
 3.14770950e+01 1.21095620e-45
 3.15484420e+01 1.20048799e-45
 3.16199510e+01 1.19011394e-45
 3.16916230e+01 1.17983333e-45
 3.17634560e+01 1.16964520e-45
 3.18354530e+01 1.15954872e-45
 3.19076120e+01 1.14954313e-45
 3.19799360e+01 1.13962755e-45
 3.20524230e+01 1.12980116e-45
 3.21250740e+01 1.12006318e-45
 3.21978900e+01 1.11041280e-45
 3.22708710e+01 1.10084929e-45
 3.23440180e+01 1.09137181e-45
 3.24173300e+01 1.08197958e-45
 3.24908090e+01 1.07267189e-45
 3.25644540e+01 1.06344784e-45
 3.26382660e+01 1.05430681e-45
 3.27122450e+01 1.04524804e-45
 3.27863920e+01 1.03627072e-45
 3.28607070e+01 1.02737417e-45
 3.29351910e+01 1.01855759e-45
 3.30098430e+01 1.00982037e-45
 3.30846650e+01 1.00116168e-45
 3.31596560e+01 9.92580904e-46
 3.32348170e+01 9.84077276e-46
 3.33101480e+01 9.75650151e-46
 3.33856510e+01 9.67298761e-46
 3.34613240e+01 9.59022536e-46
 3.35371690e+01 9.50820721e-46
 3.36131860e+01 9.42692631e-46
 3.36893750e+01 9.34637646e-46
 3.37657370e+01 9.26655090e-46
 3.38422720e+01 9.18744294e-46
 3.39189800e+01 9.10904652e-46
 3.39958620e+01 9.03135506e-46
 3.40729190e+01 8.95436200e-46
 3.41501500e+01 8.87806085e-46
 3.42275560e+01 8.80244577e-46
 3.43051380e+01 8.72751093e-46
 3.43828950e+01 8.65324942e-46
 3.44608290e+01 8.57965552e-46
 3.45389400e+01 8.50672297e-46
 3.46172270e+01 8.43444618e-46
 3.46956920e+01 8.36281898e-46
 3.47743350e+01 8.29183585e-46
 3.48531560e+01 8.22149072e-46
 3.49321550e+01 8.15177760e-46
 3.50113340e+01 8.08269108e-46
 3.50906920e+01 8.01422525e-46
 3.51702300e+01 7.94637537e-46
 3.52499490e+01 7.87913447e-46
 3.53298480e+01 7.81249848e-46
 3.54099280e+01 7.74646108e-46
 3.54901900e+01 7.68101714e-46
 3.55706330e+01 7.61616100e-46
 3.56512590e+01 7.55188763e-46
 3.57320680e+01 7.48819199e-46
 3.58130600e+01 7.42506857e-46
 3.58942350e+01 7.36251243e-46
 3.59755950e+01 7.30051813e-46
 3.60571390e+01 7.23908083e-46
 3.61388670e+01 7.17819570e-46
 3.62207810e+01 7.11785742e-46
 3.63028810e+01 7.05806127e-46
 3.63851670e+01 6.99880200e-46
 3.64676390e+01 6.94007495e-46
 3.65502980e+01 6.88187550e-46
 3.66331440e+01 6.82419906e-46
 3.67161790e+01 6.76704055e-46
 3.67994010e+01 6.71039545e-46
 3.68828120e+01 6.65425877e-46
 3.69664130e+01 6.59862658e-46
 3.70502020e+01 6.54349395e-46
 3.71341820e+01 6.48885650e-46
 3.72183520e+01 6.43470940e-46
 3.73027130e+01 6.38104884e-46
 3.73872650e+01 6.32786955e-46
 3.74720080e+01 6.27516829e-46
 3.75569440e+01 6.22294035e-46
 3.76420720e+01 6.17118108e-46
 3.77273930e+01 6.11988632e-46
 3.78129080e+01 6.06905249e-46
 3.78986160e+01 6.01867451e-46
 3.79845190e+01 5.96874934e-46
 3.80706160e+01 5.91927198e-46
 3.81569090e+01 5.87023895e-46
 3.82433970e+01 5.82164582e-46
 3.83300810e+01 5.77348917e-46
 3.84169620e+01 5.72576462e-46
 3.85040390e+01 5.67846834e-46
 3.85913140e+01 5.63159697e-46
 3.86787870e+01 5.58514577e-46
 3.87664580e+01 5.53911146e-46
 3.88543280e+01 5.49349032e-46
 3.89423970e+01 5.44827863e-46
 3.90306650e+01 5.40347273e-46
 3.91191340e+01 5.35906897e-46
 3.92078030e+01 5.31506328e-46
 3.92966730e+01 5.27145253e-46
 3.93857450e+01 5.22823316e-46
 3.94750180e+01 5.18540165e-46
 3.95644940e+01 5.14295449e-46
 3.96541720e+01 5.10088775e-46
 3.97440540e+01 5.05919844e-46
 3.98341400e+01 5.01788359e-46
 3.99244300e+01 4.97693890e-46
 4.00149240e+01 4.93636147e-46
 4.01056240e+01 4.89614794e-46
 4.01965290e+01 4.85629545e-46
 4.02876400e+01 4.81679983e-46
 4.03789580e+01 4.77765869e-46
 4.04704830e+01 4.73886879e-46
 4.05622150e+01 4.70042649e-46
 4.06541550e+01 4.66232904e-46
 4.07463030e+01 4.62457326e-46
 4.08386610e+01 4.58715603e-46
 4.09312270e+01 4.55007423e-46
 4.10240040e+01 4.51332477e-46
 4.11169910e+01 4.47690501e-46
 4.12101880e+01 4.44081149e-46
 4.13035970e+01 4.40504161e-46
 4.13972180e+01 4.36959239e-46
 4.14910500e+01 4.33446126e-46
 4.15850960e+01 4.29964444e-46
 4.16793540e+01 4.26514026e-46
 4.17738270e+01 4.23094498e-46
 4.18685130e+01 4.19705655e-46
 4.19634140e+01 4.16347130e-46
 4.20585300e+01 4.13018761e-46
 4.21538620e+01 4.09720184e-46
 4.22494100e+01 4.06451163e-46
 4.23451740e+01 4.03211460e-46
 4.24411550e+01 4.00000760e-46
 4.25373540e+01 3.96818830e-46
 4.26337710e+01 3.93665440e-46
 4.27304070e+01 3.90540280e-46
 4.28272620e+01 3.87443085e-46
 4.29243360e+01 3.84373670e-46
 4.30216300e+01 3.81331770e-46
 4.31191450e+01 3.78317088e-46
 4.32168800e+01 3.75329402e-46
 4.33148380e+01 3.72368497e-46
 4.34130170e+01 3.69434117e-46
 4.35114190e+01 3.66526009e-46
 4.36100440e+01 3.63643923e-46
 4.37088920e+01 3.60787687e-46
 4.38079650e+01 3.57957016e-46
 4.39072620e+01 3.55151664e-46
 4.40067840e+01 3.52371465e-46
 4.41065310e+01 3.49616139e-46
 4.42065050e+01 3.46885485e-46
 4.43067060e+01 3.44179264e-46
 4.44071330e+01 3.41497279e-46
 4.45077880e+01 3.38839333e-46
 4.46086720e+01 3.36205155e-46
 4.47097840e+01 3.33594554e-46
 4.48111250e+01 3.31007299e-46
 4.49126960e+01 3.28443238e-46
 4.50144970e+01 3.25902108e-46
 4.51165280e+01 3.23383721e-46
 4.52187920e+01 3.20887857e-46
 4.53212860e+01 3.18414367e-46
 4.54240140e+01 3.15962961e-46
 4.55269740e+01 3.13533529e-46
 4.56301670e+01 3.11125819e-46
 4.57335940e+01 3.08739654e-46
 4.58372560e+01 3.06374823e-46
 4.59411530e+01 3.04031149e-46
 4.60452850e+01 3.01708458e-46
 4.61496530e+01 2.99406544e-46
 4.62542580e+01 2.97125201e-46
 4.63591000e+01 2.94864259e-46
 4.64641800e+01 2.92623550e-46
 4.65694980e+01 2.90402872e-46
 4.66750540e+01 2.88202062e-46
 4.67808500e+01 2.86020919e-46
 4.68868850e+01 2.83859316e-46
 4.69931610e+01 2.81716990e-46
 4.70996780e+01 2.79593848e-46
 4.72064360e+01 2.77489697e-46
 4.73134360e+01 2.75404347e-46
 4.74206790e+01 2.73337642e-46
 4.75281650e+01 2.71289394e-46
 4.76358940e+01 2.69259482e-46
 4.77438680e+01 2.67247688e-46
 4.78520860e+01 2.65253893e-46
 4.79605500e+01 2.63277884e-46
 4.80692590e+01 2.61319575e-46
 4.81782150e+01 2.59378755e-46
 4.82874180e+01 2.57455246e-46
 4.83968680e+01 2.55548967e-46
 4.85065670e+01 2.53659709e-46
 4.86165140e+01 2.51787331e-46
 4.87267100e+01 2.49931658e-46
 4.88371560e+01 2.48092583e-46
 4.89478530e+01 2.46269935e-46
 4.90588000e+01 2.44463575e-46
 4.91699990e+01 2.42673336e-46
 4.92814500e+01 2.40899082e-46
 4.93931530e+01 2.39140678e-46
 4.95051100e+01 2.37397990e-46
 4.96173200e+01 2.35670855e-46
 4.97297850e+01 2.33959142e-46
 4.98425050e+01 2.32262721e-46
 4.99554800e+01 2.30581431e-46
 5.00687110e+01 2.28915145e-46
 5.01821990e+01 2.27263766e-46
 5.02959440e+01 2.25627106e-46
 5.04099470e+01 2.24005072e-46
 5.05242090e+01 2.22397509e-46
 5.06387290e+01 2.20804265e-46
 5.07535090e+01 2.19225276e-46
 5.08685490e+01 2.17660363e-46
 5.09838500e+01 2.16109434e-46
 5.10994120e+01 2.14572341e-46
 5.12152370e+01 2.13048938e-46
 5.13313230e+01 2.11539164e-46
 5.14476730e+01 2.10042817e-46
 5.15642870e+01 2.08559868e-46
 5.16811640e+01 2.07090117e-46
 5.17983070e+01 2.05633478e-46
 5.19157160e+01 2.04189839e-46
 5.20333900e+01 2.02759060e-46
 5.21513310e+01 2.01341059e-46
 5.22695400e+01 1.99935697e-46
 5.23880160e+01 1.98542895e-46
 5.25067610e+01 1.97162487e-46
 5.26257750e+01 1.95794366e-46
 5.27450590e+01 1.94438483e-46
 5.28646130e+01 1.93094675e-46
 5.29844390e+01 1.91762839e-46
 5.31045350e+01 1.90442898e-46
 5.32249040e+01 1.89134694e-46
 5.33455460e+01 1.87838154e-46
 5.34664620e+01 1.86553202e-46
 5.35876510e+01 1.85279684e-46
 5.37091150e+01 1.84017500e-46
 5.38308550e+01 1.82766579e-46
 5.39528700e+01 1.81526795e-46
 5.40751620e+01 1.80298079e-46
 5.41977310e+01 1.79080279e-46
 5.43205780e+01 1.77873355e-46
 5.44437030e+01 1.76677184e-46
 5.45671080e+01 1.75491646e-46
 5.46907920e+01 1.74316674e-46
 5.48147570e+01 1.73152175e-46
 5.49390020e+01 1.71998058e-46
 5.50635290e+01 1.70854204e-46
 5.51883390e+01 1.69720550e-46
 5.53134310e+01 1.68596981e-46
 5.54388070e+01 1.67483432e-46
 5.55644670e+01 1.66379764e-46
 5.56904120e+01 1.65285967e-46
 5.58166420e+01 1.64201876e-46
 5.59431580e+01 1.63127432e-46
 5.60699620e+01 1.62062575e-46
 5.61970520e+01 1.61007193e-46
 5.63244310e+01 1.59961204e-46
 5.64520980e+01 1.58924523e-46
 5.65800550e+01 1.57897043e-46
 5.67083020e+01 1.56878731e-46
 5.68368400e+01 1.55869482e-46
 5.69656680e+01 1.54869214e-46
 5.70947890e+01 1.53877847e-46
 5.72242030e+01 1.52895302e-46
 5.73539100e+01 1.51921475e-46
 5.74839110e+01 1.50956338e-46
 5.76142060e+01 1.49999762e-46
 5.77447970e+01 1.49051721e-46
 5.78756840e+01 1.48112089e-46
 5.80068670e+01 1.47180838e-46
 5.81383480e+01 1.46257846e-46
 5.82701270e+01 1.45343085e-46
 5.84022050e+01 1.44436434e-46
 5.85345820e+01 1.43537867e-46
 5.86672590e+01 1.42647264e-46
 5.88002370e+01 1.41764599e-46
 5.89335160e+01 1.40889778e-46
 5.90670970e+01 1.40022729e-46
 5.92009810e+01 1.39163381e-46
 5.93351690e+01 1.38311689e-46
 5.94696600e+01 1.37467558e-46
 5.96044570e+01 1.36630921e-46
 5.97395590e+01 1.35801732e-46
 5.98749670e+01 1.34979922e-46
 6.00106830e+01 1.34165403e-46
 6.01467050e+01 1.33358105e-46
 6.02830370e+01 1.32558011e-46
 6.04196770e+01 1.31765007e-46
 6.05566270e+01 1.30979052e-46
 6.06938870e+01 1.30200081e-46
 6.08314580e+01 1.29428006e-46
 6.09693420e+01 1.28662810e-46
 6.11075370e+01 1.27904428e-46
 6.12460460e+01 1.27152754e-46
 6.13848690e+01 1.26407770e-46
 6.15240070e+01 1.25669391e-46
 6.16634600e+01 1.24937579e-46
 6.18032290e+01 1.24212273e-46
 6.19433150e+01 1.23493390e-46
 6.20837180e+01 1.22780893e-46
 6.22244400e+01 1.22074744e-46
 6.23654810e+01 1.21374840e-46
 6.25068410e+01 1.20681166e-46
 6.26485220e+01 1.19993621e-46
 6.27905240e+01 1.19312213e-46
 6.29328470e+01 1.18636840e-46
 6.30754940e+01 1.17967447e-46
 6.32184630e+01 1.17304019e-46
 6.33617570e+01 1.16646480e-46
 6.35053760e+01 1.15994752e-46
 6.36493200e+01 1.15348824e-46
 6.37935900e+01 1.14708620e-46
 6.39381870e+01 1.14074106e-46
 6.40831130e+01 1.13445228e-46
 6.42283660e+01 1.12821913e-46
 6.43739490e+01 1.12204149e-46
 6.45198620e+01 1.11591842e-46
 6.46661050e+01 1.10984982e-46
 6.48126800e+01 1.10383495e-46
 6.49595880e+01 1.09787352e-46
 6.51068280e+01 1.09196502e-46
 6.52544020e+01 1.08610893e-46
 6.54023100e+01 1.08030476e-46
 6.55505540e+01 1.07455200e-46
 6.56991340e+01 1.06885016e-46
 6.58480500e+01 1.06319917e-46
 6.59973040e+01 1.05759813e-46
 6.61468970e+01 1.05204675e-46
 6.62968280e+01 1.04654475e-46
 6.64470990e+01 1.04109127e-46
 6.65977110e+01 1.03568642e-46
 6.67486650e+01 1.03032934e-46
 6.68999600e+01 1.02501977e-46
 6.70515990e+01 1.01975744e-46
 6.72035810e+01 1.01454168e-46
 6.73559070e+01 1.00937206e-46
 6.75085790e+01 1.00424830e-46
 6.76615970e+01 9.99170092e-47
 6.78149620e+01 9.94136839e-47
 6.79686740e+01 9.89148221e-47
 6.81227350e+01 9.84203817e-47
 6.82771450e+01 9.79303252e-47
 6.84319050e+01 9.74446130e-47
 6.85870150e+01 9.69632062e-47
 6.87424780e+01 9.64860679e-47
 6.88982920e+01 9.60131577e-47
 6.90544600e+01 9.55444414e-47
 6.92109820e+01 9.50798792e-47
 6.93678590e+01 9.46194354e-47
 6.95250910e+01 9.41630746e-47
 6.96826800e+01 9.37107579e-47
 6.98406260e+01 9.32624505e-47
 6.99989290e+01 9.28181179e-47
 7.01575920e+01 9.23777240e-47
 7.03166140e+01 9.19412346e-47
 7.04759970e+01 9.15086124e-47
 7.06357410e+01 9.10798276e-47
 7.07958470e+01 9.06548414e-47
 7.09563160e+01 9.02336246e-47
 7.11171490e+01 8.98161409e-47
 7.12783460e+01 8.94023577e-47
 7.14399080e+01 8.89922429e-47
 7.16018370e+01 8.85857647e-47
 7.17641330e+01 8.81828894e-47
 7.19267970e+01 8.77835857e-47
 7.20898290e+01 8.73878224e-47
 7.22532310e+01 8.69955667e-47
 7.24170040e+01 8.66067897e-47
 7.25811470e+01 8.62214611e-47
 7.27456630e+01 8.58395468e-47
 7.29105510e+01 8.54610188e-47
 7.30758130e+01 8.50858490e-47
 7.32414500e+01 8.47140044e-47
 7.34074630e+01 8.43454574e-47
 7.35738510e+01 8.39801808e-47
 7.37406170e+01 8.36181402e-47
 7.39077610e+01 8.32593124e-47
 7.40752830e+01 8.29036673e-47
 7.42431850e+01 8.25511765e-47
 7.44114680e+01 8.22018121e-47
 7.45801330e+01 8.18555481e-47
 7.47491790e+01 8.15123533e-47
 7.49186090e+01 8.11722056e-47
 7.50884230e+01 8.08350744e-47
 7.52586210e+01 8.05009363e-47
 7.54292060e+01 8.01697608e-47
 7.56001770e+01 7.98415251e-47
 7.57715360e+01 7.95162026e-47
 7.59432830e+01 7.91937690e-47
 7.61154190e+01 7.88741948e-47
 7.62879460e+01 7.85574594e-47
 7.64608630e+01 7.82435354e-47
 7.66341730e+01 7.79323975e-47
 7.68078750e+01 7.76240239e-47
 7.69819710e+01 7.73183878e-47
 7.71564620e+01 7.70154660e-47
 7.73313480e+01 7.67152356e-47
 7.75066310e+01 7.64176721e-47
 7.76823110e+01 7.61227510e-47
 7.78583890e+01 7.58304518e-47
 7.80348660e+01 7.55407486e-47
 7.82117430e+01 7.52536211e-47
 7.83890210e+01 7.49690456e-47
 7.85667010e+01 7.46870003e-47
 7.87447840e+01 7.44074620e-47
 7.89232710e+01 7.41304090e-47
 7.91021610e+01 7.38558202e-47
 7.92814580e+01 7.35836744e-47
 7.94611610e+01 7.33139488e-47
 7.96412710e+01 7.30466228e-47
 7.98217890e+01 7.27816754e-47
 8.00027170e+01 7.25190881e-47
 8.01840540e+01 7.22588369e-47
 8.03658030e+01 7.20009033e-47
 8.05479640e+01 7.17452655e-47
 8.07305370e+01 7.14919053e-47
 8.09135250e+01 7.12408012e-47
 8.10969270e+01 7.09919352e-47
 8.12807450e+01 7.07452877e-47
 8.14649790e+01 7.05008378e-47
 8.16496310e+01 7.02585677e-47
 8.18347020e+01 7.00184585e-47
 8.20201920e+01 6.97804894e-47
 8.22061030e+01 6.95446450e-47
 8.23924340e+01 6.93109032e-47
 8.25791890e+01 6.90792486e-47
 8.27663660e+01 6.88496629e-47
 8.29539680e+01 6.86221261e-47
 8.31419950e+01 6.83966232e-47
 8.33304490e+01 6.81731329e-47
 8.35193290e+01 6.79516421e-47
 8.37086380e+01 6.77321297e-47
 8.38983750e+01 6.75145812e-47
 8.40885430e+01 6.72989775e-47
 8.42791420e+01 6.70853042e-47
 8.44701730e+01 6.68735408e-47
 8.46616360e+01 6.66636749e-47
 8.48535340e+01 6.64556893e-47
 8.50458670e+01 6.62495654e-47
 8.52386360e+01 6.60452878e-47
 8.54318410e+01 6.58428431e-47
 8.56254850e+01 6.56422128e-47
 8.58195670e+01 6.54433820e-47
 8.60140900e+01 6.52463358e-47
 8.62090530e+01 6.50510578e-47
 8.64044580e+01 6.48575350e-47
 8.66003060e+01 6.46657496e-47
 8.67965980e+01 6.44756870e-47
 8.69933350e+01 6.42873346e-47
 8.71905180e+01 6.41006748e-47
 8.73881480e+01 6.39156950e-47
 8.75862260e+01 6.37323812e-47
 8.77847530e+01 6.35507177e-47
 8.79837290e+01 6.33706906e-47
 8.81831570e+01 6.31922863e-47
 8.83830370e+01 6.30154908e-47
 8.85833700e+01 6.28402906e-47
 8.87841570e+01 6.26666705e-47
 8.89853990e+01 6.24946187e-47
 8.91870970e+01 6.23241234e-47
 8.93892520e+01 6.21551665e-47
 8.95918660e+01 6.19877396e-47
 8.97949390e+01 6.18218264e-47
 8.99984720e+01 6.16574170e-47
 9.02024660e+01 6.14944954e-47
 9.04069230e+01 6.13330501e-47
 9.06118430e+01 6.11730700e-47
 9.08172280e+01 6.10145424e-47
 9.10230790e+01 6.08574530e-47
 9.12293950e+01 6.07017908e-47
 9.14361800e+01 6.05475434e-47
 9.16434330e+01 6.03946999e-47
 9.18511560e+01 6.02432464e-47
 9.20593500e+01 6.00931738e-47
 9.22680160e+01 5.99444682e-47
 9.24771550e+01 5.97971176e-47
 9.26867670e+01 5.96511130e-47
 9.28968550e+01 5.95064424e-47
 9.31074190e+01 5.93630924e-47
 9.33184610e+01 5.92210558e-47
 9.35299800e+01 5.90803176e-47
 9.37419790e+01 5.89408677e-47
 9.39544590e+01 5.88026976e-47
 9.41674200e+01 5.86657941e-47
 9.43808640e+01 5.85301487e-47
 9.45947920e+01 5.83957485e-47
 9.48092050e+01 5.82625852e-47
 9.50241040e+01 5.81306458e-47
 9.52394890e+01 5.79999238e-47
 9.54553630e+01 5.78704062e-47
 9.56717270e+01 5.77420836e-47
 9.58885800e+01 5.76149464e-47
 9.61059260e+01 5.74889850e-47
 9.63237640e+01 5.73641884e-47
 9.65420950e+01 5.72405473e-47
 9.67609220e+01 5.71180524e-47
 9.69802440e+01 5.69966957e-47
 9.72000640e+01 5.68764651e-47
 9.74203820e+01 5.67573529e-47
 9.76411990e+01 5.66393499e-47
 9.78625170e+01 5.65224456e-47
 9.80843360e+01 5.64066324e-47
 9.83066590e+01 5.62919013e-47
 9.85294850e+01 5.61782419e-47
 9.87528160e+01 5.60656468e-47
 9.89766530e+01 5.59541057e-47
 9.92009980e+01 5.58436127e-47
 9.94258520e+01 5.57341561e-47
 9.96512150e+01 5.56257287e-47
 9.98770880e+01 5.55183234e-47
 1.00103470e+02 5.54119301e-47
 1.00330370e+02 5.53065401e-47
 1.00557790e+02 5.52021480e-47
 1.00785710e+02 5.50987422e-47
 1.01014160e+02 5.49963174e-47
 1.01243120e+02 5.48948651e-47
 1.01472610e+02 5.47943754e-47
 1.01702610e+02 5.46948432e-47
 1.01933130e+02 5.45962585e-47
 1.02164180e+02 5.44986146e-47
 1.02395750e+02 5.44019049e-47
 1.02627840e+02 5.43061197e-47
 1.02860460e+02 5.42112538e-47
 1.03093610e+02 5.41172992e-47
 1.03327290e+02 5.40242478e-47
 1.03561490e+02 5.39320917e-47
 1.03796230e+02 5.38408258e-47
 1.04031500e+02 5.37504421e-47
 1.04267300e+02 5.36609328e-47
 1.04503640e+02 5.35722916e-47
 1.04740510e+02 5.34845119e-47
 1.04977920e+02 5.33975862e-47
 1.05215870e+02 5.33115080e-47
 1.05454350e+02 5.32262711e-47
 1.05693380e+02 5.31418678e-47
 1.05932950e+02 5.30582920e-47
 1.06173060e+02 5.29755360e-47
 1.06413720e+02 5.28935966e-47
 1.06654920e+02 5.28124647e-47
 1.06896670e+02 5.27321329e-47
 1.07138970e+02 5.26525981e-47
 1.07381810e+02 5.25738527e-47
 1.07625210e+02 5.24958907e-47
 1.07869160e+02 5.24187048e-47
 1.08113660e+02 5.23422905e-47
 1.08358710e+02 5.22666405e-47
 1.08604320e+02 5.21917502e-47
 1.08850490e+02 5.21176124e-47
 1.09097220e+02 5.20442214e-47
 1.09344500e+02 5.19715727e-47
 1.09592350e+02 5.18996605e-47
 1.09840750e+02 5.18284763e-47
 1.10089720e+02 5.17580187e-47
 1.10339260e+02 5.16882790e-47
 1.10589360e+02 5.16192531e-47
 1.10840020e+02 5.15509367e-47
 1.11091260e+02 5.14833214e-47
 1.11343060e+02 5.14164030e-47
 1.11595440e+02 5.13501773e-47
 1.11848390e+02 5.12846388e-47
 1.12101910e+02 5.12197819e-47
 1.12356000e+02 5.11556013e-47
 1.12610670e+02 5.10920913e-47
 1.12865920e+02 5.10292494e-47
 1.13121750e+02 5.09670672e-47
 1.13378150e+02 5.09055423e-47
 1.13635140e+02 5.08446691e-47
 1.13892710e+02 5.07844424e-47
 1.14150870e+02 5.07248568e-47
 1.14409610e+02 5.06659083e-47
 1.14668930e+02 5.06075931e-47
 1.14928850e+02 5.05499059e-47
 1.15189350e+02 5.04928413e-47
 1.15450440e+02 5.04363956e-47
 1.15712130e+02 5.03805634e-47
 1.15974400e+02 5.03253425e-47
 1.16237280e+02 5.02707248e-47
 1.16500750e+02 5.02167092e-47
 1.16764810e+02 5.01632893e-47
 1.17029480e+02 5.01104614e-47
 1.17294740e+02 5.00582216e-47
 1.17560600e+02 5.00065648e-47
 1.17827070e+02 4.99554889e-47
 1.18094140e+02 4.99049872e-47
 1.18361820e+02 4.98550576e-47
 1.18630110e+02 4.98056950e-47
 1.18899000e+02 4.97568943e-47
 1.19168500e+02 4.97086534e-47
 1.19438610e+02 4.96609687e-47
 1.19709340e+02 4.96138351e-47
 1.19980680e+02 4.95672476e-47
 1.20252630e+02 4.95212043e-47
 1.20525200e+02 4.94757014e-47
 1.20798390e+02 4.94307355e-47
 1.21072190e+02 4.93863002e-47
 1.21346620e+02 4.93423949e-47
 1.21621670e+02 4.92990146e-47
 1.21897340e+02 4.92561559e-47
 1.22173640e+02 4.92138139e-47
 1.22450570e+02 4.91719881e-47
 1.22728120e+02 4.91306720e-47
 1.23006300e+02 4.90898638e-47
 1.23285110e+02 4.90495599e-47
 1.23564550e+02 4.90097571e-47
 1.23844630e+02 4.89704519e-47
 1.24125340e+02 4.89316395e-47
 1.24406690e+02 4.88933193e-47
 1.24688680e+02 4.88554853e-47
 1.24971300e+02 4.88181369e-47
 1.25254570e+02 4.87812692e-47
 1.25538470e+02 4.87448791e-47
 1.25823020e+02 4.87089646e-47
 1.26108220e+02 4.86735210e-47
 1.26394060e+02 4.86385464e-47
 1.26680550e+02 4.86040390e-47
 1.26967690e+02 4.85699926e-47
 1.27255480e+02 4.85364067e-47
 1.27543930e+02 4.85032783e-47
 1.27833020e+02 4.84706039e-47
 1.28122770e+02 4.84383804e-47
 1.28413180e+02 4.84066045e-47
 1.28704250e+02 4.83752744e-47
 1.28995980e+02 4.83443884e-47
 1.29288360e+02 4.83139404e-47
 1.29581420e+02 4.82839314e-47
 1.29875130e+02 4.82543568e-47
 1.30169510e+02 4.82252136e-47
 1.30464560e+02 4.81964998e-47
 1.30760280e+02 4.81682124e-47
 1.31056660e+02 4.81403496e-47
 1.31353720e+02 4.81129097e-47
 1.31651450e+02 4.80858867e-47
 1.31949860e+02 4.80592817e-47
 1.32248940e+02 4.80330916e-47
 1.32548700e+02 4.80073119e-47
 1.32849150e+02 4.79819422e-47
 1.33150270e+02 4.79569795e-47
 1.33452070e+02 4.79324207e-47
 1.33754560e+02 4.79082655e-47
 1.34057730e+02 4.78845095e-47
 1.34361590e+02 4.78611509e-47
 1.34666140e+02 4.78381894e-47
 1.34971380e+02 4.78156194e-47
 1.35277320e+02 4.77934417e-47
 1.35583940e+02 4.77716522e-47
 1.35891260e+02 4.77502490e-47
 1.36199280e+02 4.77292320e-47
 1.36508000e+02 4.77085954e-47
 1.36817410e+02 4.76883417e-47
 1.37127530e+02 4.76684651e-47
 1.37438350e+02 4.76489640e-47
 1.37749870e+02 4.76298382e-47
 1.38062100e+02 4.76110847e-47
 1.38375040e+02 4.75927019e-47
 1.38688680e+02 4.75746882e-47
 1.39003040e+02 4.75570393e-47
 1.39318110e+02 4.75397563e-47
 1.39633900e+02 4.75228364e-47
 1.39950400e+02 4.75062764e-47
 1.40267610e+02 4.74900763e-47
 1.40585550e+02 4.74742345e-47
 1.40904210e+02 4.74587467e-47
 1.41223590e+02 4.74436127e-47
 1.41543690e+02 4.74288324e-47
 1.41864520e+02 4.74144014e-47
 1.42186080e+02 4.74003182e-47
 1.42508360e+02 4.73865840e-47
 1.42831380e+02 4.73731933e-47
 1.43155130e+02 4.73601471e-47
 1.43479610e+02 4.73474440e-47
 1.43804820e+02 4.73350797e-47
 1.44130780e+02 4.73230556e-47
 1.44457470e+02 4.73113686e-47
 1.44784910e+02 4.73000173e-47
 1.45113080e+02 4.72890001e-47
 1.45442000e+02 4.72783157e-47
 1.45771670e+02 4.72679625e-47
 1.46102080e+02 4.72579404e-47
 1.46433240e+02 4.72482466e-47
 1.46765150e+02 4.72388795e-47
 1.47097820e+02 4.72298378e-47
 1.47431230e+02 4.72211199e-47
 1.47765410e+02 4.72127257e-47
 1.48100340e+02 4.72046538e-47
 1.48436030e+02 4.71969014e-47
 1.48772480e+02 4.71894683e-47
 1.49109700e+02 4.71823518e-47
 1.49447680e+02 4.71755532e-47
 1.49786420e+02 4.71690696e-47
 1.50125930e+02 4.71628996e-47
 1.50466210e+02 4.71570418e-47
 1.50807270e+02 4.71514961e-47
 1.51149090e+02 4.71462611e-47
 1.51491700e+02 4.71413353e-47
 1.51835070e+02 4.71367160e-47
 1.52179230e+02 4.71324059e-47
 1.52524170e+02 4.71283994e-47
 1.52869880e+02 4.71246992e-47
 1.53216380e+02 4.71213012e-47
 1.53563670e+02 4.71182068e-47
 1.53911750e+02 4.71154144e-47
 1.54260610e+02 4.71129214e-47
 1.54610260e+02 4.71107277e-47
 1.54960710e+02 4.71088334e-47
 1.55311950e+02 4.71072355e-47
 1.55663990e+02 4.71059356e-47
 1.56016820e+02 4.71049308e-47
 1.56370460e+02 4.71042198e-47
 1.56724890e+02 4.71038025e-47
 1.57080130e+02 4.71036790e-47
 1.57436180e+02 4.71038464e-47
 1.57793030e+02 4.71043049e-47
 1.58150690e+02 4.71050544e-47
 1.58509160e+02 4.71060921e-47
 1.58868440e+02 4.71074181e-47
 1.59228540e+02 4.71090324e-47
 1.59589460e+02 4.71109337e-47
 1.59951190e+02 4.71131218e-47
 1.60313740e+02 4.71155942e-47
 1.60677120e+02 4.71183509e-47
 1.61041310e+02 4.71213918e-47
 1.61406340e+02 4.71247157e-47
 1.61772190e+02 4.71283211e-47
 1.62138870e+02 4.71322095e-47
 1.62506380e+02 4.71363782e-47
 1.62874720e+02 4.71408272e-47
 1.63243900e+02 4.71455552e-47
 1.63613920e+02 4.71505622e-47
 1.63984770e+02 4.71558483e-47
 1.64356470e+02 4.71614121e-47
 1.64729000e+02 4.71672524e-47
 1.65102390e+02 4.71733691e-47
 1.65476610e+02 4.71797623e-47
 1.65851690e+02 4.71864307e-47
 1.66227620e+02 4.71933730e-47
 1.66604400e+02 4.72005906e-47
 1.66982030e+02 4.72080809e-47
 1.67360520e+02 4.72158452e-47
 1.67739860e+02 4.72238823e-47
 1.68120070e+02 4.72321909e-47
 1.68501140e+02 4.72407710e-47
 1.68883070e+02 4.72496227e-47
 1.69265870e+02 4.72587448e-47
 1.69649530e+02 4.72681385e-47
 1.70034070e+02 4.72778014e-47
 1.70419480e+02 4.72877335e-47
 1.70805760e+02 4.72979334e-47
 1.71192910e+02 4.73084041e-47
 1.71580950e+02 4.73191414e-47
 1.71969860e+02 4.73301483e-47
 1.72359650e+02 4.73414220e-47
 1.72750330e+02 4.73529627e-47
 1.73141890e+02 4.73647704e-47
 1.73534350e+02 4.73768440e-47
 1.73927690e+02 4.73891848e-47
 1.74321920e+02 4.74017902e-47
 1.74717040e+02 4.74146617e-47
 1.75113060e+02 4.74277994e-47
 1.75509980e+02 4.74412020e-47
 1.75907800e+02 4.74548683e-47
 1.76306520e+02 4.74688011e-47
 1.76706150e+02 4.74829965e-47
 1.77106680e+02 4.74974572e-47
 1.77508110e+02 4.75121807e-47
 1.77910460e+02 4.75271684e-47
 1.78313720e+02 4.75424192e-47
 1.78717900e+02 4.75579344e-47
 1.79122990e+02 4.75737115e-47
 1.79528990e+02 4.75897520e-47
 1.79935920e+02 4.76060560e-47
 1.80343770e+02 4.76226223e-47
 1.80752550e+02 4.76394510e-47
 1.81162250e+02 4.76565422e-47
 1.81572880e+02 4.76738961e-47
 1.81984440e+02 4.76915114e-47
 1.82396930e+02 4.77093897e-47
 1.82810360e+02 4.77275298e-47
 1.83224730e+02 4.77459317e-47
 1.83640030e+02 4.77645956e-47
 1.84056280e+02 4.77835217e-47
 1.84473470e+02 4.78027101e-47
 1.84891610e+02 4.78221597e-47
 1.85310690e+02 4.78418719e-47
 1.85730720e+02 4.78618455e-47
 1.86151710e+02 4.78820806e-47
 1.86573650e+02 4.79025776e-47
 1.86996540e+02 4.79233364e-47
 1.87420400e+02 4.79443573e-47
 1.87845210e+02 4.79656405e-47
 1.88270990e+02 4.79871860e-47
 1.88697740e+02 4.80089928e-47
 1.89125450e+02 4.80310624e-47
 1.89554130e+02 4.80533948e-47
 1.89983780e+02 4.80759891e-47
 1.90414400e+02 4.80988452e-47
 1.90846000e+02 4.81219635e-47
 1.91278580e+02 4.81453454e-47
 1.91712140e+02 4.81689898e-47
 1.92146690e+02 4.81928982e-47
 1.92582220e+02 4.82170681e-47
 1.93018730e+02 4.82415024e-47
 1.93456240e+02 4.82662000e-47
 1.93894730e+02 4.82911610e-47
 1.94334220e+02 4.83163857e-47
 1.94774710e+02 4.83418742e-47
 1.95216190e+02 4.83676268e-47
 1.95658680e+02 4.83936436e-47
 1.96102170e+02 4.84199262e-47
 1.96546660e+02 4.84464721e-47
 1.96992160e+02 4.84732843e-47
 1.97438670e+02 4.85003616e-47
 1.97886200e+02 4.85277042e-47
 1.98334730e+02 4.85553137e-47
 1.98784290e+02 4.85831876e-47
 1.99234860e+02 4.86113288e-47
 1.99686460e+02 4.86397376e-47
 2.00139070e+02 4.86684129e-47
 2.00592720e+02 4.86973548e-47
 2.01047390e+02 4.87265649e-47
 2.01503090e+02 4.87560436e-47
 2.01959830e+02 4.87857896e-47
 2.02417600e+02 4.88158046e-47
 2.02876410e+02 4.88460889e-47
 2.03336260e+02 4.88766425e-47
 2.03797150e+02 4.89074659e-47
 2.04259080e+02 4.89385593e-47
 2.04722070e+02 4.89699228e-47
 2.05186100e+02 4.90015582e-47
 2.05651180e+02 4.90334643e-47
 2.06117320e+02 4.90656428e-47
 2.06584510e+02 4.90980938e-47
 2.07052770e+02 4.91308164e-47
 2.07522080e+02 4.91638121e-47
 2.07992460e+02 4.91970826e-47
 2.08463910e+02 4.92306253e-47
 2.08936420e+02 4.92644434e-47
 2.09410000e+02 4.92985371e-47
 2.09884660e+02 4.93329053e-47
 2.10360400e+02 4.93675497e-47
 2.10837210e+02 4.94024705e-47
 2.11315100e+02 4.94376680e-47
 2.11794080e+02 4.94731425e-47
 2.12274140e+02 4.95088957e-47
 2.12755290e+02 4.95449279e-47
 2.13237530e+02 4.95812379e-47
 2.13720860e+02 4.96178275e-47
 2.14205290e+02 4.96546984e-47
 2.14690820e+02 4.96918494e-47
 2.15177450e+02 4.97292809e-47
 2.15665180e+02 4.97669946e-47
 2.16154010e+02 4.98049921e-47
 2.16643960e+02 4.98432710e-47
 2.17135010e+02 4.98818344e-47
 2.17627180e+02 4.99206812e-47
 2.18120460e+02 4.99598145e-47
 2.18614860e+02 4.99992319e-47
 2.19110390e+02 5.00389365e-47
 2.19607030e+02 5.00789271e-47
 2.20104800e+02 5.01192056e-47
 2.20603700e+02 5.01597722e-47
 2.21103730e+02 5.02006273e-47
 2.21604890e+02 5.02417712e-47
 2.22107190e+02 5.02832071e-47
 2.22610630e+02 5.03249325e-47
 2.23115210e+02 5.03669491e-47
 2.23620930e+02 5.04092588e-47
 2.24127800e+02 5.04518618e-47
 2.24635820e+02 5.04947585e-47
 2.25144990e+02 5.05379492e-47
 2.25655310e+02 5.05814358e-47
 2.26166790e+02 5.06252172e-47
 2.26679430e+02 5.06692966e-47
 2.27193230e+02 5.07136728e-47
 2.27708200e+02 5.07583478e-47
 2.28224330e+02 5.08033204e-47
 2.28741640e+02 5.08485939e-47
 2.29260110e+02 5.08941686e-47
 2.29779760e+02 5.09400449e-47
 2.30300590e+02 5.09862219e-47
 2.30822600e+02 5.10327040e-47
 2.31345800e+02 5.10794889e-47
 2.31870170e+02 5.11265784e-47
 2.32395740e+02 5.11739729e-47
 2.32922500e+02 5.12216757e-47
 2.33450450e+02 5.12696841e-47
 2.33979600e+02 5.13180017e-47
 2.34509950e+02 5.13666286e-47
 2.35041500e+02 5.14155654e-47
 2.35574250e+02 5.14648125e-47
 2.36108220e+02 5.15143731e-47
 2.36643390e+02 5.15642448e-47
 2.37179780e+02 5.16144309e-47
 2.37717380e+02 5.16649303e-47
 2.38256200e+02 5.17157464e-47
 2.38796240e+02 5.17668781e-47
 2.39337510e+02 5.18183288e-47
 2.39880000e+02 5.18700960e-47
 2.40423720e+02 5.19221831e-47
 2.40968680e+02 5.19745919e-47
 2.41514870e+02 5.20273200e-47
 2.42062300e+02 5.20803721e-47
 2.42610970e+02 5.21337458e-47
 2.43160880e+02 5.21874445e-47
 2.43712040e+02 5.22414687e-47
 2.44264450e+02 5.22958202e-47
 2.44818110e+02 5.23504980e-47
 2.45373020e+02 5.24055041e-47
 2.45929190e+02 5.24608390e-47
 2.46486630e+02 5.25165059e-47
 2.47045330e+02 5.25725040e-47
 2.47605290e+02 5.26288352e-47
 2.48166520e+02 5.26854985e-47
 2.48729030e+02 5.27424988e-47
 2.49292810e+02 5.27998336e-47
 2.49857870e+02 5.28575064e-47
 2.50424200e+02 5.29155161e-47
 2.50991830e+02 5.29738663e-47
 2.51560740e+02 5.30325560e-47
 2.52130930e+02 5.30915871e-47
 2.52702430e+02 5.31509616e-47
 2.53275210e+02 5.32106800e-47
 2.53849300e+02 5.32707443e-47
 2.54424680e+02 5.33311537e-47
 2.55001370e+02 5.33919100e-47
 2.55579370e+02 5.34530167e-47
 2.56158680e+02 5.35144714e-47
 2.56739300e+02 5.35762777e-47
 2.57321230e+02 5.36384361e-47
 2.57904490e+02 5.37009485e-47
 2.58489070e+02 5.37638141e-47
 2.59074970e+02 5.38270378e-47
 2.59662200e+02 5.38906172e-47
 2.60250760e+02 5.39545545e-47
 2.60840660e+02 5.40188530e-47
 2.61431890e+02 5.40835119e-47
 2.62024460e+02 5.41485318e-47
 2.62618380e+02 5.42139163e-47
 2.63213640e+02 5.42796658e-47
 2.63810250e+02 5.43457810e-47
 2.64408220e+02 5.44122639e-47
 2.65007540e+02 5.44791152e-47
 2.65608210e+02 5.45463370e-47
 2.66210250e+02 5.46139298e-47
 2.66813660e+02 5.46818957e-47
 2.67418430e+02 5.47502354e-47
 2.68024570e+02 5.48189509e-47
 2.68632090e+02 5.48880430e-47
 2.69240980e+02 5.49575136e-47
 2.69851250e+02 5.50273634e-47
 2.70462910e+02 5.50975946e-47
 2.71075950e+02 5.51682078e-47
 2.71690390e+02 5.52392067e-47
 2.72306210e+02 5.53105888e-47
 2.72923430e+02 5.53823593e-47
 2.73542050e+02 5.54545160e-47
 2.74162080e+02 5.55270639e-47
 2.74783500e+02 5.56000022e-47
 2.75406340e+02 5.56733331e-47
 2.76030590e+02 5.57470588e-47
 2.76656250e+02 5.58211799e-47
 2.77283330e+02 5.58956972e-47
 2.77911830e+02 5.59706143e-47
 2.78541760e+02 5.60459304e-47
 2.79173120e+02 5.61216478e-47
 2.79805900e+02 5.61977701e-47
 2.80440120e+02 5.62742951e-47
 2.81075780e+02 5.63512280e-47
 2.81712880e+02 5.64285680e-47
 2.82351420e+02 5.65063158e-47
 2.82991410e+02 5.65844767e-47
 2.83632850e+02 5.66630500e-47
 2.84275750e+02 5.67420363e-47
 2.84920100e+02 5.68214380e-47
 2.85565910e+02 5.69012587e-47
 2.86213190e+02 5.69814978e-47
 2.86861930e+02 5.70621561e-47
 2.87512140e+02 5.71432387e-47
 2.88163830e+02 5.72247436e-47
 2.88817000e+02 5.73066744e-47
 2.89471640e+02 5.73890336e-47
 2.90127770e+02 5.74718203e-47
 2.90785390e+02 5.75550384e-47
 2.91444490e+02 5.76386887e-47
 2.92105100e+02 5.77227736e-47
 2.92767190e+02 5.78072923e-47
 2.93430790e+02 5.78922503e-47
 2.94095900e+02 5.79776467e-47
 2.94762510e+02 5.80634841e-47
 2.95430630e+02 5.81497647e-47
 2.96100260e+02 5.82364894e-47
 2.96771420e+02 5.83236606e-47
 2.97444090e+02 5.84112791e-47
 2.98118290e+02 5.84993488e-47
 2.98794020e+02 5.85878691e-47
 2.99471280e+02 5.86768425e-47
 3.00150070e+02 5.87662727e-47
 3.00830410e+02 5.88561577e-47
 3.01512280e+02 5.89465030e-47
 3.02195700e+02 5.90373094e-47
 3.02880670e+02 5.91285779e-47
 3.03567200e+02 5.92203124e-47
 3.04255280e+02 5.93125123e-47
 3.04944910e+02 5.94051801e-47
 3.05636120e+02 5.94983183e-47
 3.06328880e+02 5.95919293e-47
 3.07023220e+02 5.96860140e-47
 3.07719130e+02 5.97805735e-47
 3.08416620e+02 5.98756133e-47
 3.09115690e+02 5.99711313e-47
 3.09816350e+02 6.00671315e-47
 3.10518590e+02 6.01636165e-47
 3.11222430e+02 6.02605857e-47
 3.11927860e+02 6.03580431e-47
 3.12634890e+02 6.04559914e-47
 3.13343520e+02 6.05544316e-47
 3.14053760e+02 6.06533646e-47
 3.14765610e+02 6.07527945e-47
 3.15479070e+02 6.08527225e-47
 3.16194150e+02 6.09531494e-47
 3.16910850e+02 6.10540796e-47
 3.17629170e+02 6.11555140e-47
 3.18349120e+02 6.12574536e-47
 3.19070710e+02 6.13599027e-47
 3.19793930e+02 6.14628623e-47
 3.20518780e+02 6.15663335e-47
 3.21245290e+02 6.16703205e-47
 3.21973430e+02 6.17748244e-47
 3.22703230e+02 6.18798462e-47
 3.23434690e+02 6.19853903e-47
 3.24167800e+02 6.20914576e-47
 3.24902570e+02 6.21980510e-47
 3.25639010e+02 6.23051716e-47
 3.26377120e+02 6.24128235e-47
 3.27116900e+02 6.25210064e-47
 3.27858350e+02 6.26297246e-47
 3.28601490e+02 6.27389792e-47
 3.29346320e+02 6.28487729e-47
 3.30092830e+02 6.29591070e-47
 3.30841030e+02 6.30699858e-47
 3.31590930e+02 6.31814104e-47
 3.32342530e+02 6.32933821e-47
 3.33095830e+02 6.34059051e-47
 3.33850840e+02 6.35189808e-47
 3.34607560e+02 6.36326120e-47
 3.35366000e+02 6.37467997e-47
 3.36126150e+02 6.38615486e-47
 3.36888030e+02 6.39768597e-47
 3.37651630e+02 6.40927344e-47
 3.38416970e+02 6.42091770e-47
 3.39184040e+02 6.43261890e-47
 3.39952850e+02 6.44437730e-47
 3.40723400e+02 6.45619305e-47
 3.41495700e+02 6.46806642e-47
 3.42269750e+02 6.47999788e-47
 3.43045550e+02 6.49198738e-47
 3.43823120e+02 6.50403539e-47
 3.44602440e+02 6.51614203e-47
 3.45383530e+02 6.52830759e-47
 3.46166390e+02 6.54053238e-47
 3.46951030e+02 6.55281653e-47
 3.47737440e+02 6.56516033e-47
 3.48525640e+02 6.57756409e-47
 3.49315620e+02 6.59002793e-47
 3.50107400e+02 6.60255232e-47
 3.50900970e+02 6.61513741e-47
 3.51696330e+02 6.62778349e-47
 3.52493500e+02 6.64049086e-47
 3.53292480e+02 6.65325967e-47
 3.54093270e+02 6.66609022e-47
 3.54895870e+02 6.67898282e-47
 3.55700290e+02 6.69193761e-47
 3.56506540e+02 6.70495506e-47
 3.57314610e+02 6.71803533e-47
 3.58124520e+02 6.73117872e-47
 3.58936260e+02 6.74438554e-47
 3.59749840e+02 6.75765578e-47
 3.60565260e+02 6.77099024e-47
 3.61382540e+02 6.78438875e-47
 3.62201660e+02 6.79785162e-47
 3.63022650e+02 6.81137950e-47
 3.63845490e+02 6.82497221e-47
 3.64670200e+02 6.83863024e-47
 3.65496770e+02 6.85235407e-47
 3.66325220e+02 6.86614369e-47
 3.67155550e+02 6.87999943e-47
 3.67987760e+02 6.89392162e-47
 3.68821860e+02 6.90791057e-47
 3.69657850e+02 6.92196661e-47
 3.70495730e+02 6.93608990e-47
 3.71335510e+02 6.95028095e-47
 3.72177200e+02 6.96453991e-47
 3.73020790e+02 6.97886694e-47
 3.73866300e+02 6.99326255e-47
 3.74713720e+02 7.00772707e-47
 3.75563060e+02 7.02226067e-47
 3.76414330e+02 7.03686351e-47
 3.77267530e+02 7.05153627e-47
 3.78122660e+02 7.06627896e-47
 3.78979730e+02 7.08109190e-47
 3.79838740e+02 7.09597561e-47
 3.80699700e+02 7.11093027e-47
 3.81562610e+02 7.12595604e-47
 3.82427470e+02 7.14105362e-47
 3.83294300e+02 7.15622283e-47
 3.84163090e+02 7.17146437e-47
 3.85033850e+02 7.18677841e-47
 3.85906590e+02 7.20216531e-47
 3.86781300e+02 7.21762524e-47
 3.87658000e+02 7.23315873e-47
 3.88536680e+02 7.24876596e-47
 3.89417350e+02 7.26444746e-47
 3.90300020e+02 7.28020324e-47
 3.91184700e+02 7.29603382e-47
 3.92071370e+02 7.31193958e-47
 3.92960060e+02 7.32792069e-47
 3.93850760e+02 7.34397752e-47
 3.94743480e+02 7.36011061e-47
 3.95638220e+02 7.37631997e-47
 3.96534990e+02 7.39260614e-47
 3.97433790e+02 7.40896949e-47
 3.98334640e+02 7.42541022e-47
 3.99237520e+02 7.44192886e-47
 4.00142450e+02 7.45852562e-47
 4.01049430e+02 7.47520070e-47
 4.01958460e+02 7.49195481e-47
 4.02869560e+02 7.50878799e-47
 4.03782720e+02 7.52570078e-47
 4.04697950e+02 7.54269339e-47
 4.05615260e+02 7.55976620e-47
 4.06534650e+02 7.57691959e-47
 4.07456110e+02 7.59415412e-47
 4.08379670e+02 7.61146982e-47
 4.09305320e+02 7.62886725e-47
 4.10233070e+02 7.64634663e-47
 4.11162930e+02 7.66390851e-47
 4.12094890e+02 7.68155312e-47
 4.13028960e+02 7.69928084e-47
 4.13965150e+02 7.71709225e-47
 4.14903460e+02 7.73498738e-47
 4.15843900e+02 7.75296680e-47
 4.16786470e+02 7.77103092e-47
 4.17731170e+02 7.78918014e-47
 4.18678020e+02 7.80741467e-47
 4.19627010e+02 7.82573492e-47
 4.20578160e+02 7.84414148e-47
 4.21531460e+02 7.86263456e-47
 4.22486920e+02 7.88121475e-47
 4.23444550e+02 7.89988211e-47
 4.24404350e+02 7.91863740e-47
 4.25366320e+02 7.93748068e-47
 4.26330470e+02 7.95641272e-47
 4.27296810e+02 7.97543357e-47
 4.28265340e+02 7.99454383e-47
 4.29236070e+02 8.01374410e-47
 4.30208990e+02 8.03303444e-47
 4.31184120e+02 8.05241545e-47
 4.32161470e+02 8.07188738e-47
 4.33141020e+02 8.09145100e-47
 4.34122800e+02 8.11110656e-47
 4.35106800e+02 8.13085451e-47
 4.36093030e+02 8.15069507e-47
 4.37081500e+02 8.17062924e-47
 4.38072210e+02 8.19065689e-47
 4.39065160e+02 8.21077902e-47
 4.40060370e+02 8.23099569e-47
 4.41057830e+02 8.25130752e-47
 4.42057550e+02 8.27171514e-47
 4.43059530e+02 8.29221882e-47
 4.44063790e+02 8.31281936e-47
 4.45070330e+02 8.33351720e-47
 4.46079140e+02 8.35431281e-47
 4.47090240e+02 8.37520681e-47
 4.48103640e+02 8.39620003e-47
 4.49119330e+02 8.41729292e-47
 4.50137320e+02 8.43848613e-47
 4.51157620e+02 8.45978049e-47
 4.52180240e+02 8.48117683e-47
 4.53205170e+02 8.50267599e-47
 4.54232420e+02 8.52427899e-47
 4.55262010e+02 8.54598687e-47
 4.56293920e+02 8.56780086e-47
 4.57328180e+02 8.58972216e-47
 4.58364780e+02 8.61175277e-47
 4.59403730e+02 8.63389429e-47
 4.60445030e+02 8.65614927e-47
 4.61488700e+02 8.67852047e-47
 4.62534730e+02 8.70101158e-47
 4.63583130e+02 8.72362725e-47
 4.64633910e+02 8.74637346e-47
 4.65687070e+02 8.76925867e-47
 4.66742610e+02 8.79229380e-47
 4.67800550e+02 8.81549547e-47
 4.68860890e+02 8.83888698e-47
 4.69923630e+02 8.86250453e-47
 4.70988780e+02 8.88640567e-47
 4.72056340e+02 8.91068656e-47
 4.73126330e+02 8.93551953e-47
 4.74198740e+02 8.96123787e-47
 4.75273580e+02 8.98855971e-47
 4.76350850e+02 9.01927849e-47
 4.77430570e+02 9.05900207e-47
 4.78512740e+02 9.13359814e-47
 4.79597350e+02 9.54705845e-47
 4.80684430e+02 1.24562474e-46
 4.81773970e+02 9.27313224e-47
 4.82865980e+02 9.19269769e-47
 4.83960470e+02 9.19260277e-47
 4.85057430e+02 9.20783970e-47
 4.86156880e+02 9.22805386e-47
 4.87258830e+02 9.25040370e-47
 4.88363270e+02 9.27385583e-47
 4.89470220e+02 9.29796190e-47
 4.90579670e+02 9.32250209e-47
 4.91691640e+02 9.34735866e-47
 4.92806130e+02 9.37246440e-47
 4.93923150e+02 9.39777812e-47
 4.95042690e+02 9.42327411e-47
 4.96164780e+02 9.44893548e-47
 4.97289410e+02 9.47475107e-47
 4.98416590e+02 9.50071281e-47
 4.99546320e+02 9.52681548e-47
 5.00678610e+02 9.55305502e-47
 5.01813470e+02 9.57942910e-47
 5.02950900e+02 9.60593560e-47
 5.04090910e+02 9.63257313e-47
 5.05233510e+02 9.65934091e-47
 5.06378690e+02 9.68623815e-47
 5.07526470e+02 9.71326444e-47
 5.08676860e+02 9.74041997e-47
 5.09829840e+02 9.76770433e-47
 5.10985450e+02 9.79511791e-47
 5.12143670e+02 9.82266048e-47
 5.13304520e+02 9.85033264e-47
 5.14467990e+02 9.87813436e-47
 5.15634110e+02 9.90606623e-47
 5.16802870e+02 9.93412844e-47
 5.17974280e+02 9.96232156e-47
 5.19148340e+02 9.99064599e-47
 5.20325060e+02 1.00191011e-46
 5.21504460e+02 1.00476907e-46
 5.22686520e+02 1.00764114e-46
 5.23871270e+02 1.01052656e-46
 5.25058690e+02 1.01342536e-46
 5.26248820e+02 1.01633759e-46
 5.27441630e+02 1.01926329e-46
 5.28637160e+02 1.02220269e-46
 5.29835390e+02 1.02515544e-46
 5.31036340e+02 1.02812198e-46
 5.32240010e+02 1.03110215e-46
 5.33446410e+02 1.03409619e-46
 5.34655540e+02 1.03710393e-46
 5.35867410e+02 1.04012564e-46
 5.37082030e+02 1.04316134e-46
 5.38299410e+02 1.04621108e-46
 5.39519540e+02 1.04927489e-46
 5.40742440e+02 1.05235263e-46
 5.41968110e+02 1.05544473e-46
 5.43196560e+02 1.05855105e-46
 5.44427790e+02 1.06167182e-46
 5.45661810e+02 1.06480667e-46
 5.46898630e+02 1.06795628e-46
 5.48138260e+02 1.07112026e-46
 5.49380690e+02 1.07429887e-46
 5.50625940e+02 1.07749196e-46
 5.51874020e+02 1.08069996e-46
 5.53124920e+02 1.08392253e-46
 5.54378660e+02 1.08716010e-46
 5.55635230e+02 1.09041253e-46
 5.56894660e+02 1.09367986e-46
 5.58156940e+02 1.09696234e-46
 5.59422090e+02 1.10025981e-46
 5.60690100e+02 1.10357252e-46
 5.61960980e+02 1.10690052e-46
 5.63234750e+02 1.11024386e-46
 5.64511400e+02 1.11360237e-46
 5.65790950e+02 1.11697652e-46
 5.67073390e+02 1.12036615e-46
 5.68358740e+02 1.12377130e-46
 5.69647010e+02 1.12719224e-46
 5.70938200e+02 1.13062879e-46
 5.72232310e+02 1.13408102e-46
 5.73529360e+02 1.13754938e-46
 5.74829350e+02 1.14103351e-46
 5.76132280e+02 1.14453366e-46
 5.77438170e+02 1.14804989e-46
 5.78747010e+02 1.15158224e-46
 5.80058830e+02 1.15513098e-46
 5.81373610e+02 1.15869595e-46
 5.82691380e+02 1.16227719e-46
 5.84012130e+02 1.16587496e-46
 5.85335880e+02 1.16948911e-46
 5.86662630e+02 1.17312012e-46
 5.87992380e+02 1.17676761e-46
 5.89325150e+02 1.18043184e-46
 5.90660940e+02 1.18411308e-46
 5.91999760e+02 1.18781095e-46
 5.93341610e+02 1.19152594e-46
 5.94686510e+02 1.19525810e-46
 5.96034450e+02 1.19900726e-46
 5.97385450e+02 1.20277348e-46
 5.98739510e+02 1.20655725e-46
 6.00096640e+02 1.21035819e-46
 6.01456840e+02 1.21417656e-46
 6.02820130e+02 1.21801242e-46
 6.04186510e+02 1.22186605e-46
 6.05555980e+02 1.22573728e-46
 6.06928560e+02 1.22962617e-46
 6.08304250e+02 1.23353298e-46
 6.09683060e+02 1.23745779e-46
 6.11065000e+02 1.24140041e-46
 6.12450060e+02 1.24536114e-46
 6.13838270e+02 1.24934025e-46
 6.15229620e+02 1.25333735e-46
 6.16624130e+02 1.25735294e-46
 6.18021800e+02 1.26138663e-46
 6.19422630e+02 1.26543916e-46
 6.20826640e+02 1.26951013e-46
 6.22233840e+02 1.27359960e-46
 6.23644220e+02 1.27770808e-46
 6.25057800e+02 1.28183518e-46
 6.26474580e+02 1.28598140e-46
 6.27894580e+02 1.29014636e-46
 6.29317790e+02 1.29433057e-46
 6.30744230e+02 1.29853386e-46
 6.32173900e+02 1.30275652e-46
 6.33606810e+02 1.30699838e-46
 6.35042970e+02 1.31125974e-46
 6.36482390e+02 1.31554041e-46
 6.37925070e+02 1.31984093e-46
 6.39371020e+02 1.32416112e-46
 6.40820240e+02 1.32850105e-46
 6.42272760e+02 1.33286078e-46
 6.43728560e+02 1.33724061e-46
 6.45187660e+02 1.34164036e-46
 6.46650070e+02 1.34606033e-46
 6.48115800e+02 1.35050058e-46
 6.49584850e+02 1.35496095e-46
 6.51057220e+02 1.35944173e-46
 6.52532940e+02 1.36394323e-46
 6.54012000e+02 1.36846526e-46
 6.55494410e+02 1.37300791e-46
 6.56980180e+02 1.37757146e-46
 6.58469320e+02 1.38215574e-46
 6.59961840e+02 1.38676107e-46
 6.61457740e+02 1.39138751e-46
 6.62957030e+02 1.39603512e-46
 6.64459710e+02 1.40070397e-46
 6.65965810e+02 1.40539413e-46
 6.67475310e+02 1.41010566e-46
 6.68988240e+02 1.41483888e-46
 6.70504600e+02 1.41959361e-46
 6.72024390e+02 1.42437016e-46
 6.73547630e+02 1.42916860e-46
 6.75074330e+02 1.43398901e-46
 6.76604480e+02 1.43883120e-46
 6.78138100e+02 1.44369573e-46
 6.79675200e+02 1.44858267e-46
 6.81215780e+02 1.45349161e-46
 6.82759850e+02 1.45842311e-46
 6.84307430e+02 1.46337724e-46
 6.85858510e+02 1.46835406e-46
 6.87413110e+02 1.47335341e-46
 6.88971230e+02 1.47837585e-46
 6.90532880e+02 1.48342096e-46
 6.92098070e+02 1.48848931e-46
 6.93666810e+02 1.49358072e-46
 6.95239110e+02 1.49869551e-46
 6.96814970e+02 1.50383376e-46
 6.98394400e+02 1.50899530e-46
 6.99977410e+02 1.51418045e-46
 7.01564010e+02 1.51938929e-46
 7.03154200e+02 1.52462189e-46
 7.04748000e+02 1.52987857e-46
 7.06345420e+02 1.53515916e-46
 7.07946450e+02 1.54046375e-46
 7.09551110e+02 1.54579265e-46
 7.11159410e+02 1.55114595e-46
 7.12771360e+02 1.55652373e-46
 7.14386950e+02 1.56192605e-46
 7.16006220e+02 1.56735276e-46
 7.17629150e+02 1.57280468e-46
 7.19255760e+02 1.57828115e-46
 7.20886050e+02 1.58378273e-46
 7.22520040e+02 1.58930952e-46
 7.24157740e+02 1.59486160e-46
 7.25799150e+02 1.60043879e-46
 7.27444280e+02 1.60604169e-46
 7.29093130e+02 1.61167011e-46
 7.30745730e+02 1.61732415e-46
 7.32402070e+02 1.62300389e-46
 7.34062160e+02 1.62870967e-46
 7.35726020e+02 1.63444156e-46
 7.37393650e+02 1.64019966e-46
 7.39065060e+02 1.64598380e-46
 7.40740250e+02 1.65179456e-46
 7.42419250e+02 1.65763179e-46
 7.44102050e+02 1.66349556e-46
 7.45788660e+02 1.66938597e-46
 7.47479100e+02 1.67530361e-46
 7.49173370e+02 1.68124806e-46
 7.50871480e+02 1.68721966e-46
 7.52573440e+02 1.69321851e-46
 7.54279250e+02 1.69924469e-46
 7.55988930e+02 1.70529829e-46
 7.57702490e+02 1.71137965e-46
 7.59419930e+02 1.71748862e-46
 7.61141270e+02 1.72362580e-46
 7.62866500e+02 1.72979050e-46
 7.64595650e+02 1.73598359e-46
 7.66328720e+02 1.74220491e-46
 7.68065710e+02 1.74845455e-46
 7.69806640e+02 1.75473286e-46
 7.71551520e+02 1.76103967e-46
 7.73300350e+02 1.76737508e-46
 7.75053150e+02 1.77373972e-46
 7.76809920e+02 1.78013314e-46
 7.78570670e+02 1.78655570e-46
 7.80335410e+02 1.79300777e-46
 7.82104150e+02 1.79948918e-46
 7.83876900e+02 1.80600002e-46
 7.85653670e+02 1.81254065e-46
 7.87434470e+02 1.81911092e-46
 7.89219300e+02 1.82571144e-46
 7.91008180e+02 1.83234179e-46
 7.92801120e+02 1.83900260e-46
 7.94598120e+02 1.84569370e-46
 7.96399190e+02 1.85241518e-46
 7.98204340e+02 1.85916743e-46
 8.00013580e+02 1.86595026e-46
 8.01826930e+02 1.87276433e-46
 8.03644390e+02 1.87960919e-46
 8.05465960e+02 1.88648549e-46
 8.07291670e+02 1.89339306e-46
 8.09121510e+02 1.90033200e-46
 8.10955500e+02 1.90730269e-46
 8.12793650e+02 1.91430496e-46
 8.14635960e+02 1.92133919e-46
 8.16482450e+02 1.92840548e-46
 8.18333120e+02 1.93550422e-46
 8.20187990e+02 1.94263495e-46
 8.22047070e+02 1.94979863e-46
 8.23910360e+02 1.95699451e-46
 8.25777870e+02 1.96422327e-46
 8.27649610e+02 1.97148530e-46
 8.29525600e+02 1.97878013e-46
 8.31405840e+02 1.98610817e-46
 8.33290340e+02 1.99346952e-46
 8.35179110e+02 2.00086457e-46
 8.37072160e+02 2.00829343e-46
 8.38969510e+02 2.01575594e-46
 8.40871150e+02 2.02325248e-46
 8.42777110e+02 2.03078318e-46
 8.44687380e+02 2.03834813e-46
 8.46601990e+02 2.04594775e-46
 8.48520930e+02 2.05358186e-46
 8.50444230e+02 2.06125086e-46
 8.52371880e+02 2.06895457e-46
 8.54303910e+02 2.07669341e-46
 8.56240310e+02 2.08446748e-46
 8.58181100e+02 2.09227720e-46
 8.60126290e+02 2.10012238e-46
 8.62075890e+02 2.10800316e-46
 8.64029910e+02 2.11591993e-46
 8.65988360e+02 2.12387281e-46
 8.67951240e+02 2.13186164e-46
 8.69918580e+02 2.13988711e-46
 8.71890380e+02 2.14794907e-46
 8.73866640e+02 2.15604761e-46
 8.75847390e+02 2.16418317e-46
 8.77832620e+02 2.17235586e-46
 8.79822350e+02 2.18056581e-46
 8.81816600e+02 2.18881284e-46
 8.83815360e+02 2.19709767e-46
 8.85818660e+02 2.20542013e-46
 8.87826490e+02 2.21378035e-46
 8.89838880e+02 2.22217904e-46
 8.91855830e+02 2.23061543e-46
 8.93877340e+02 2.23909056e-46
 8.95903450e+02 2.24760424e-46
 8.97934140e+02 2.25615661e-46
 8.99969440e+02 2.26474809e-46
 9.02009350e+02 2.27337851e-46
 9.04053880e+02 2.28204832e-46
 9.06103050e+02 2.29075762e-46
 9.08156860e+02 2.29950657e-46
 9.10215330e+02 2.30829528e-46
 9.12278460e+02 2.31712389e-46
 9.14346270e+02 2.32599284e-46
 9.16418770e+02 2.33490227e-46
 9.18495970e+02 2.34385230e-46
 9.20577870e+02 2.35284277e-46
 9.22664490e+02 2.36187442e-46
 9.24755840e+02 2.37094708e-46
 9.26851930e+02 2.38006121e-46
 9.28952780e+02 2.38921693e-46
 9.31058380e+02 2.39841408e-46
 9.33168760e+02 2.40765341e-46
 9.35283920e+02 2.41693476e-46
 9.37403880e+02 2.42625857e-46
 9.39528640e+02 2.43562468e-46
 9.41658210e+02 2.44503416e-46
 9.43792620e+02 2.45448654e-46
 9.45931860e+02 2.46398289e-46
 9.48075950e+02 2.47352369e-46
 9.50224900e+02 2.48311003e-46
 9.52378720e+02 2.49274522e-46
 9.54537430e+02 2.50243767e-46
 9.56701020e+02 2.51222183e-46
 9.58869520e+02 2.52242720e-46
 9.61042940e+02 2.56036257e-46
 9.63221280e+02 2.54183968e-46
 9.65404560e+02 2.55148166e-46
 9.67592790e+02 2.56136498e-46
 9.69785980e+02 2.57132610e-46
 9.71984130e+02 2.58134286e-46
 9.74187280e+02 2.59140903e-46
 9.76395410e+02 2.60152318e-46
 9.78608550e+02 2.61168418e-46
 9.80826710e+02 2.62189219e-46
 9.83049890e+02 2.63214704e-46
 9.85278120e+02 2.64244856e-46
 9.87511390e+02 2.65279725e-46
 9.89749730e+02 2.66319291e-46
 9.91993140e+02 2.67363638e-46
 9.94241630e+02 2.68412715e-46
 9.96495230e+02 2.69466572e-46
 9.98753930e+02 2.70525223e-46
 1.00101770e+03 2.71588686e-46
 1.00328670e+03 2.72657009e-46
 1.00556080e+03 2.73730175e-46
 1.00784000e+03 2.74808235e-46
 1.01012450e+03 2.75891203e-46
 1.01241400e+03 2.76979064e-46
 1.01470880e+03 2.78071900e-46
 1.01700880e+03 2.79169728e-46
 1.01931400e+03 2.80272532e-46
 1.02162440e+03 2.81380328e-46
 1.02394010e+03 2.82493199e-46
 1.02626100e+03 2.83611130e-46
 1.02858720e+03 2.84734103e-46
 1.03091860e+03 2.85862237e-46
 1.03325530e+03 2.86995482e-46
 1.03559730e+03 2.88133854e-46
 1.03794470e+03 2.89277439e-46
 1.04029730e+03 2.90426185e-46
 1.04265530e+03 2.91580214e-46
 1.04501860e+03 2.92739439e-46
 1.04738730e+03 2.93903947e-46
 1.04976140e+03 2.95073755e-46
 1.05214080e+03 2.96248882e-46
 1.05452560e+03 2.97429379e-46
 1.05691590e+03 2.98615196e-46
 1.05931150e+03 2.99806455e-46
 1.06171260e+03 3.01003103e-46
 1.06411910e+03 3.02205194e-46
 1.06653110e+03 3.03412747e-46
 1.06894860e+03 3.04625779e-46
 1.07137150e+03 3.05844344e-46
 1.07379990e+03 3.07068461e-46
 1.07623380e+03 3.08298113e-46
 1.07867330e+03 3.09533389e-46
 1.08111820e+03 3.10774272e-46
 1.08356870e+03 3.12020782e-46
 1.08602480e+03 3.13272973e-46
 1.08848640e+03 3.14530863e-46
 1.09095360e+03 3.15794438e-46
 1.09342650e+03 3.17063786e-46
 1.09590490e+03 3.18338891e-46
 1.09838890e+03 3.19619809e-46
 1.10087850e+03 3.20906523e-46
 1.10337380e+03 3.22199125e-46
 1.10587480e+03 3.23497599e-46
 1.10838140e+03 3.24801928e-46
 1.11089370e+03 3.26112239e-46
 1.11341170e+03 3.27428482e-46
 1.11593540e+03 3.28750712e-46
 1.11846490e+03 3.30078949e-46
 1.12100000e+03 3.31413214e-46
 1.12354090e+03 3.32753563e-46
 1.12608760e+03 3.34100016e-46
 1.12864000e+03 3.35452558e-46
 1.13119830e+03 3.36811283e-46
 1.13376230e+03 3.38176138e-46
 1.13633210e+03 3.39547253e-46
 1.13890780e+03 3.40924540e-46
 1.14148930e+03 3.42308129e-46
 1.14407660e+03 3.43698006e-46
 1.14666980e+03 3.45094192e-46
 1.14926890e+03 3.46496706e-46
 1.15187390e+03 3.47905609e-46
 1.15448480e+03 3.49320922e-46
 1.15710160e+03 3.50742666e-46
 1.15972430e+03 3.52170863e-46
 1.16235300e+03 3.53605572e-46
 1.16498770e+03 3.55046778e-46
 1.16762830e+03 3.56494540e-46
 1.17027490e+03 3.57948880e-46
 1.17292750e+03 3.59409821e-46
 1.17558610e+03 3.60877422e-46
 1.17825070e+03 3.62351707e-46
 1.18092140e+03 3.63832659e-46
 1.18359810e+03 3.65320339e-46
 1.18628090e+03 3.66814809e-46
 1.18896980e+03 3.68316052e-46
 1.19166480e+03 3.69824130e-46
 1.19436580e+03 3.71339028e-46
 1.19707300e+03 3.72860845e-46
 1.19978640e+03 3.74389567e-46
 1.20250590e+03 3.75925216e-46
 1.20523150e+03 3.77467895e-46
 1.20796340e+03 3.79017547e-46
 1.21070140e+03 3.80574237e-46
 1.21344560e+03 3.82138027e-46
 1.21619610e+03 3.83708901e-46
 1.21895270e+03 3.85286924e-46
 1.22171570e+03 3.86872079e-46
 1.22448490e+03 3.88464509e-46
 1.22726030e+03 3.90064120e-46
 1.23004210e+03 3.91671015e-46
 1.23283020e+03 3.93285219e-46
 1.23562460e+03 3.94906757e-46
 1.23842530e+03 3.96535654e-46
 1.24123230e+03 3.98171933e-46
 1.24404580e+03 3.99815661e-46
 1.24686560e+03 4.01466902e-46
 1.24969180e+03 4.03125602e-46
 1.25252440e+03 4.04791826e-46
 1.25536340e+03 4.06465639e-46
 1.25820890e+03 4.08147067e-46
 1.26106080e+03 4.09836136e-46
 1.26391920e+03 4.11532872e-46
 1.26678400e+03 4.13237301e-46
 1.26965540e+03 4.14949489e-46
 1.27253320e+03 4.16669462e-46
 1.27541760e+03 4.18397248e-46
 1.27830850e+03 4.20132871e-46
 1.28120600e+03 4.21876401e-46
 1.28411000e+03 4.23627821e-46
 1.28702060e+03 4.25387243e-46
 1.28993790e+03 4.27154609e-46
 1.29286170e+03 4.28930029e-46
 1.29579220e+03 4.30713532e-46
 1.29872920e+03 4.32505102e-46
 1.30167300e+03 4.34304850e-46
 1.30462340e+03 4.36112720e-46
 1.30758060e+03 4.37928866e-46
 1.31054440e+03 4.39753230e-46
 1.31351490e+03 4.41585884e-46
 1.31649220e+03 4.43426856e-46
 1.31947620e+03 4.45276214e-46
 1.32246700e+03 4.47133946e-46
 1.32546450e+03 4.49000123e-46
 1.32846890e+03 4.50874772e-46
 1.33148010e+03 4.52757965e-46
 1.33449810e+03 4.54649689e-46
 1.33752290e+03 4.56550014e-46
 1.34055460e+03 4.58458970e-46
 1.34359310e+03 4.60376629e-46
 1.34663860e+03 4.62302978e-46
 1.34969090e+03 4.64238045e-46
 1.35275020e+03 4.66181947e-46
 1.35581640e+03 4.68134670e-46
 1.35888960e+03 4.70096245e-46
 1.36196970e+03 4.72066744e-46
 1.36505680e+03 4.74046198e-46
 1.36815090e+03 4.76034637e-46
 1.37125200e+03 4.78032091e-46
 1.37436010e+03 4.80038635e-46
 1.37747530e+03 4.82054299e-46
 1.38059760e+03 4.84079115e-46
 1.38372690e+03 4.86113113e-46
 1.38686330e+03 4.88156369e-46
 1.39000680e+03 4.90208914e-46
 1.39315750e+03 4.92270734e-46
 1.39631530e+03 4.94341996e-46
 1.39948020e+03 4.96422596e-46
 1.40265230e+03 4.98512701e-46
 1.40583160e+03 5.00612254e-46
 1.40901820e+03 5.02721375e-46
 1.41221190e+03 5.04840098e-46
 1.41541290e+03 5.06968410e-46
 1.41862110e+03 5.09106388e-46
 1.42183660e+03 5.11254110e-46
 1.42505940e+03 5.13411610e-46
 1.42828950e+03 5.15578966e-46
 1.43152700e+03 5.17756257e-46
 1.43477170e+03 5.19943836e-46
 1.43802380e+03 5.22144208e-46
 1.44128330e+03 5.27319714e-46
 1.44455020e+03 5.26567287e-46
 1.44782450e+03 5.28791411e-46
 1.45110620e+03 5.31027964e-46
 1.45439530e+03 5.33275010e-46
 1.45769190e+03 5.35532355e-46
 1.46099600e+03 5.37800032e-46
 1.46430750e+03 5.40078032e-46
 1.46762660e+03 5.42366342e-46
 1.47095320e+03 5.44665091e-46
 1.47428730e+03 5.46974268e-46
 1.47762900e+03 5.49293953e-46
 1.48097830e+03 5.51624137e-46
 1.48433510e+03 5.53964949e-46
 1.48769960e+03 5.56316378e-46
 1.49107170e+03 5.58678460e-46
 1.49445140e+03 5.61051277e-46
 1.49783880e+03 5.63434915e-46
 1.50123380e+03 5.65829314e-46
 1.50463660e+03 5.68234654e-46
 1.50804710e+03 5.70650877e-46
 1.51146530e+03 5.73078067e-46
 1.51489120e+03 5.75516310e-46
 1.51832500e+03 5.77965594e-46
 1.52176650e+03 5.80426006e-46
 1.52521580e+03 5.82897631e-46
 1.52867290e+03 5.85380460e-46
 1.53213780e+03 5.87874529e-46
 1.53561060e+03 5.90379975e-46
 1.53909130e+03 5.92896738e-46
 1.54257990e+03 5.95425003e-46
 1.54607640e+03 5.97964712e-46
 1.54958080e+03 6.00515952e-46
 1.55309310e+03 6.03078763e-46
 1.55661340e+03 6.05653232e-46
 1.56014170e+03 6.08239400e-46
 1.56367800e+03 6.10837305e-46
 1.56722230e+03 6.13447038e-46
 1.57077460e+03 6.16068588e-46
 1.57433500e+03 6.18702046e-46
 1.57790350e+03 6.21347452e-46
 1.58148000e+03 6.24004896e-46
 1.58506470e+03 6.26674370e-46
 1.58865750e+03 6.29356014e-46
 1.59225840e+03 6.32049768e-46
 1.59586750e+03 6.34755826e-46
 1.59948470e+03 6.37474128e-46
 1.60311020e+03 6.40204817e-46
 1.60674390e+03 6.42947832e-46
 1.61038580e+03 6.45703370e-46
 1.61403600e+03 6.48471420e-46
 1.61769440e+03 6.51251975e-46
 1.62136110e+03 6.54045230e-46
 1.62503620e+03 6.56851126e-46
 1.62871960e+03 6.59669757e-46
 1.63241130e+03 6.62501217e-46
 1.63611140e+03 6.65345551e-46
 1.63981990e+03 6.68202751e-46
 1.64353680e+03 6.71072963e-46
 1.64726210e+03 6.73956179e-46
 1.65099580e+03 6.76852497e-46
 1.65473800e+03 6.79761959e-46
 1.65848870e+03 6.82684664e-46
 1.66224790e+03 6.85620604e-46
 1.66601570e+03 6.88569876e-46
 1.66979190e+03 6.91532577e-46
 1.67357680e+03 6.94508702e-46
 1.67737020e+03 6.97498347e-46
 1.68117220e+03 7.00501560e-46
 1.68498280e+03 7.03518385e-46
 1.68880200e+03 7.06548976e-46
 1.69262990e+03 7.09593273e-46
 1.69646650e+03 7.12651429e-46
 1.70031180e+03 7.15723437e-46
 1.70416580e+03 7.18809398e-46
 1.70802860e+03 7.21909360e-46
 1.71190010e+03 7.25023424e-46
 1.71578030e+03 7.28151637e-46
 1.71966940e+03 7.31294048e-46
 1.72356730e+03 7.34450705e-46
 1.72747400e+03 7.37621710e-46
 1.73138950e+03 7.40807113e-46
 1.73531400e+03 7.44006961e-46
 1.73924730e+03 7.47221360e-46
 1.74318960e+03 7.50450357e-46
 1.74714080e+03 7.53694003e-46
 1.75110090e+03 7.56952348e-46
 1.75507000e+03 7.60225551e-46
 1.75904820e+03 7.63513553e-46
 1.76303530e+03 7.66816514e-46
 1.76703150e+03 7.70134485e-46
 1.77103670e+03 7.73467462e-46
 1.77505100e+03 7.76815607e-46
 1.77907440e+03 7.80178971e-46
 1.78310690e+03 7.83557606e-46
 1.78714860e+03 7.86951565e-46
 1.79119940e+03 7.90360954e-46
 1.79525940e+03 7.93785771e-46
 1.79932870e+03 7.97226180e-46
 1.80340710e+03 8.00682235e-46
 1.80749480e+03 8.04153931e-46
 1.81159170e+03 8.07641437e-46
 1.81569800e+03 8.11144747e-46
 1.81981350e+03 8.14663917e-46
 1.82393840e+03 8.18199113e-46
 1.82807260e+03 8.21750392e-46
 1.83221620e+03 8.25317749e-46
 1.83636920e+03 8.28901297e-46
 1.84053160e+03 8.32501149e-46
 1.84470340e+03 8.36117302e-46
 1.84888470e+03 8.39749869e-46
 1.85307540e+03 8.43398964e-46
 1.85727570e+03 8.47064644e-46
 1.86148550e+03 8.50746906e-46
 1.86570480e+03 8.54445924e-46
 1.86993370e+03 8.58161754e-46
 1.87417220e+03 8.61894454e-46
 1.87842020e+03 8.65644081e-46
 1.88267800e+03 8.69410691e-46
 1.88694530e+03 8.73194462e-46
 1.89122230e+03 8.76995393e-46
 1.89550910e+03 8.80813540e-46
 1.89980550e+03 8.84649083e-46
 1.90411170e+03 8.88502020e-46
 1.90842760e+03 8.92372470e-46
 1.91275340e+03 8.96260612e-46
 1.91708890e+03 9.00166808e-46
 1.92143430e+03 9.05289850e-46
 1.92578950e+03 9.08031438e-46
 1.93015450e+03 9.11989869e-46
 1.93452950e+03 9.15966835e-46
 1.93891440e+03 9.19961857e-46
 1.94330920e+03 9.23975116e-46
 1.94771400e+03 9.28006554e-46
 1.95212880e+03 9.32056354e-46
 1.95655360e+03 9.36124456e-46
 1.96098840e+03 9.40211106e-46
 1.96543320e+03 9.44316244e-46
 1.96988820e+03 9.48440057e-46
 1.97435320e+03 9.52582607e-46
 1.97882840e+03 9.56743959e-46
 1.98331370e+03 9.60924175e-46
 1.98780910e+03 9.65123384e-46
 1.99231480e+03 9.69341648e-46
 1.99683070e+03 9.73579032e-46
 2.00135680e+03 9.77835727e-46
 2.00589310e+03 9.82111673e-46
 2.01043980e+03 9.86407061e-46
 2.01499670e+03 9.90721957e-46
 2.01956400e+03 9.95056427e-46
 2.02414160e+03 9.99410600e-46
 2.02872960e+03 1.00378454e-45
 2.03332800e+03 1.00817833e-45
 2.03793690e+03 1.01259202e-45
 2.04255620e+03 1.01702580e-45
 2.04718590e+03 1.02147970e-45
 2.05182610e+03 1.02595383e-45
 2.05647690e+03 1.03044820e-45
 2.06113820e+03 1.03496307e-45
 2.06581010e+03 1.03949840e-45
 2.07049250e+03 1.04405429e-45
 2.07518560e+03 1.04863084e-45
 2.07988930e+03 1.05322823e-45
 2.08460370e+03 1.05784648e-45
 2.08932870e+03 1.06248566e-45
 2.09406450e+03 1.06714596e-45
 2.09881100e+03 1.07182732e-45
 2.10356820e+03 1.07653003e-45
 2.10833630e+03 1.08125401e-45
 2.11311510e+03 1.08599953e-45
 2.11790480e+03 1.09076648e-45
 2.12270530e+03 1.09555512e-45
 2.12751680e+03 1.10036553e-45
 2.13233910e+03 1.10519778e-45
 2.13717230e+03 1.11005187e-45
 2.14201650e+03 1.11492809e-45
 2.14687170e+03 1.11982645e-45
 2.15173790e+03 1.12474700e-45
 2.15661510e+03 1.12968991e-45
 2.16150340e+03 1.13465524e-45
 2.16640280e+03 1.13964307e-45
 2.17131320e+03 1.14465362e-45
 2.17623480e+03 1.14968689e-45
 2.18116760e+03 1.15474302e-45
 2.18611150e+03 1.15982203e-45
 2.19106670e+03 1.16492421e-45
 2.19603300e+03 1.17004948e-45
 2.20101060e+03 1.17519800e-45
 2.20599960e+03 1.18036992e-45
 2.21099980e+03 1.18556531e-45
 2.21601130e+03 1.19078433e-45
 2.22103420e+03 1.19602698e-45
 2.22606850e+03 1.20129342e-45
 2.23111420e+03 1.20658379e-45
 2.23617140e+03 1.21189818e-45
 2.24124000e+03 1.21723674e-45
 2.24632010e+03 1.22259948e-45
 2.25141170e+03 1.22798655e-45
 2.25651480e+03 1.23339810e-45
 2.26162950e+03 1.23883423e-45
 2.26675580e+03 1.24429501e-45
 2.27189380e+03 1.24978059e-45
 2.27704330e+03 1.25529106e-45
 2.28220460e+03 1.26082651e-45
 2.28737750e+03 1.26638717e-45
 2.29256220e+03 1.27197304e-45
 2.29775860e+03 1.27758421e-45
 2.30296680e+03 1.28322091e-45
 2.30818680e+03 1.28888324e-45
 2.31341870e+03 1.29457119e-45
 2.31866240e+03 1.30028494e-45
 2.32391790e+03 1.30602472e-45
 2.32918540e+03 1.31179046e-45
 2.33446490e+03 1.31758248e-45
 2.33975630e+03 1.32340072e-45
 2.34505970e+03 1.32924534e-45
 2.35037510e+03 1.33511657e-45
 2.35570250e+03 1.34101437e-45
 2.36104210e+03 1.34693903e-45
 2.36639370e+03 1.35289051e-45
 2.37175750e+03 1.35886905e-45
 2.37713340e+03 1.36487473e-45
 2.38252150e+03 1.37090764e-45
 2.38792190e+03 1.37696797e-45
 2.39333440e+03 1.38305579e-45
 2.39875930e+03 1.38917187e-45
 2.40419640e+03 1.39531571e-45
 2.40964590e+03 1.40148562e-45
 2.41510770e+03 1.40768459e-45
 2.42058190e+03 1.41391183e-45
 2.42606850e+03 1.42016736e-45
 2.43156750e+03 1.42645121e-45
 2.43707900e+03 1.43276368e-45
 2.44260300e+03 1.43910474e-45
 2.44813950e+03 1.44547462e-45
 2.45368850e+03 1.45187336e-45
 2.45925020e+03 1.45830120e-45
 2.46482440e+03 1.46475823e-45
 2.47041130e+03 1.47124449e-45
 2.47601080e+03 1.47776030e-45
 2.48162310e+03 1.48430561e-45
 2.48724800e+03 1.49088060e-45
 2.49288570e+03 1.49748552e-45
 2.49853620e+03 1.50412039e-45
 2.50419950e+03 1.51078532e-45
 2.50987560e+03 1.51748057e-45
 2.51556460e+03 1.52420624e-45
 2.52126650e+03 1.53096235e-45
 2.52698130e+03 1.53774917e-45
 2.53270910e+03 1.54456679e-45
 2.53844990e+03 1.55141541e-45
 2.54420360e+03 1.55829505e-45
 2.54997040e+03 1.56520589e-45
 2.55575030e+03 1.57214819e-45
 2.56154330e+03 1.57912192e-45
 2.56734940e+03 1.58612732e-45
 2.57316860e+03 1.59316460e-45
 2.57900110e+03 1.60023369e-45
 2.58484680e+03 1.60733495e-45
 2.59070570e+03 1.61446840e-45
 2.59657790e+03 1.62163432e-45
 2.60246340e+03 1.62883266e-45
 2.60836230e+03 1.63606376e-45
 2.61427450e+03 1.64332758e-45
 2.62020010e+03 1.65062447e-45
 2.62613920e+03 1.65795447e-45
 2.63209170e+03 1.66531768e-45
 2.63805770e+03 1.67271438e-45
 2.64403730e+03 1.68014460e-45
 2.65003040e+03 1.68760855e-45
 2.65603700e+03 1.69510641e-45
 2.66205730e+03 1.70263822e-45
 2.66809130e+03 1.71020435e-45
 2.67413890e+03 1.71780474e-45
 2.68020020e+03 1.72543967e-45
 2.68627530e+03 1.73310919e-45
 2.69236410e+03 1.74081357e-45
 2.69846670e+03 1.74855293e-45
 2.70458320e+03 1.75632740e-45
 2.71071350e+03 1.76413709e-45
 2.71685770e+03 1.77198229e-45
 2.72301590e+03 1.77986312e-45
 2.72918800e+03 1.78777970e-45
 2.73537410e+03 1.79573224e-45
 2.74157420e+03 1.80372086e-45
 2.74778840e+03 1.81174577e-45
 2.75401660e+03 1.81980700e-45
 2.76025900e+03 1.82790494e-45
 2.76651550e+03 1.83603954e-45
 2.77278620e+03 1.84421110e-45
 2.77907120e+03 1.85241982e-45
 2.78537030e+03 1.86066567e-45
 2.79168380e+03 1.86894902e-45
 2.79801150e+03 1.87727000e-45
 2.80435360e+03 1.88562866e-45
 2.81071010e+03 1.89402530e-45
 2.81708100e+03 1.90246014e-45
 2.82346630e+03 1.91093312e-45
 2.82986610e+03 1.91944464e-45
 2.83628040e+03 1.92799475e-45
 2.84270920e+03 1.93658375e-45
 2.84915260e+03 1.94521168e-45
 2.85561060e+03 1.95387878e-45
 2.86208330e+03 1.96258516e-45
 2.86857060e+03 1.97133114e-45
 2.87507260e+03 1.98011686e-45
 2.88158940e+03 1.98894878e-45
 2.88812090e+03 1.99780795e-45
 2.89466730e+03 2.00671369e-45
 2.90122850e+03 2.01565989e-45
 2.90780450e+03 2.02464677e-45
 2.91439550e+03 2.03367438e-45
 2.92100140e+03 2.04274296e-45
 2.92762220e+03 2.05185282e-45
 2.93425810e+03 2.06100392e-45
 2.94090900e+03 2.07019658e-45
 2.94757500e+03 2.07943095e-45
 2.95425610e+03 2.08870726e-45
 2.96095240e+03 2.09802565e-45
 2.96766380e+03 2.10738627e-45
 2.97439040e+03 2.11678953e-45
 2.98113230e+03 2.12623539e-45
 2.98788950e+03 2.13572409e-45
 2.99466200e+03 2.14525587e-45
 3.00144980e+03 2.15483098e-45
 3.00825300e+03 2.16444945e-45
 3.01507160e+03 2.17411163e-45
 3.02190570e+03 2.18381767e-45
 3.02875530e+03 2.19356781e-45
 3.03562040e+03 2.20336210e-45
 3.04250110e+03 2.21320088e-45
 3.04939740e+03 2.22308440e-45
 3.05630930e+03 2.23301263e-45
 3.06323680e+03 2.24298608e-45
 3.07018010e+03 2.25300473e-45
 3.07713910e+03 2.26306883e-45
 3.08411390e+03 2.27317862e-45
 3.09110450e+03 2.28333426e-45
 3.09811090e+03 2.29353610e-45
 3.10513320e+03 2.30378410e-45
 3.11217140e+03 2.31407871e-45
 3.11922560e+03 2.32442009e-45
 3.12629580e+03 2.33480829e-45
 3.13338200e+03 2.34524368e-45
 3.14048430e+03 2.35572650e-45
 3.14760260e+03 2.36625683e-45
 3.15473710e+03 2.37683492e-45
 3.16188780e+03 2.38746113e-45
 3.16905460e+03 2.39813553e-45
 3.17623780e+03 2.40885838e-45
 3.18343720e+03 2.41962983e-45
 3.19065290e+03 2.43045026e-45
 3.19788500e+03 2.44131974e-45
 3.20513340e+03 2.45223852e-45
 3.21239830e+03 2.46320698e-45
 3.21967970e+03 2.47422518e-45
 3.22697750e+03 2.48529329e-45
 3.23429190e+03 2.49641179e-45
 3.24162290e+03 2.50758064e-45
 3.24897050e+03 2.51880021e-45
 3.25633480e+03 2.53007068e-45
 3.26371580e+03 2.54139233e-45
 3.27111340e+03 2.55276542e-45
 3.27852790e+03 2.56419003e-45
 3.28595910e+03 2.57566654e-45
 3.29340720e+03 2.58719522e-45
 3.30087220e+03 2.59877616e-45
 3.30835410e+03 2.61040963e-45
 3.31585300e+03 2.62209591e-45
 3.32336880e+03 2.63383529e-45
 3.33090170e+03 2.64562784e-45
 3.33845170e+03 2.65747395e-45
 3.34601880e+03 2.66937390e-45
 3.35360300e+03 2.68132788e-45
 3.36120440e+03 2.69333691e-45
 3.36882310e+03 2.70539867e-45
 3.37645900e+03 2.71751605e-45
 3.38411220e+03 2.72968851e-45
 3.39178280e+03 2.74191613e-45
 3.39947080e+03 2.75419931e-45
 3.40717620e+03 2.76653824e-45
 3.41489900e+03 2.77893311e-45
 3.42263940e+03 2.79138432e-45
 3.43039730e+03 2.80389206e-45
 3.43817280e+03 2.81645653e-45
 3.44596590e+03 2.82907791e-45
 3.45377670e+03 2.84175672e-45
 3.46160510e+03 2.85449305e-45
 3.46945140e+03 2.86728721e-45
 3.47731540e+03 2.88013938e-45
 3.48519720e+03 2.89304987e-45
 3.49309690e+03 2.90601899e-45
 3.50101450e+03 2.91904694e-45
 3.50895010e+03 2.93213402e-45
 3.51690360e+03 2.94528055e-45
 3.52487520e+03 2.95848673e-45
 3.53286480e+03 2.97175286e-45
 3.54087260e+03 2.98507916e-45
 3.54889850e+03 2.99846594e-45
 3.55694250e+03 3.01191351e-45
 3.56500490e+03 3.02542219e-45
 3.57308550e+03 3.03899208e-45
 3.58118440e+03 3.05262361e-45
 3.58930160e+03 3.06631698e-45
 3.59743730e+03 3.08007240e-45
 3.60559140e+03 3.09389043e-45
 3.61376400e+03 3.10777105e-45
 3.62195510e+03 3.12171469e-45
 3.63016480e+03 3.13572169e-45
 3.63839310e+03 3.14979225e-45
 3.64664000e+03 3.16392660e-45
 3.65490570e+03 3.17812518e-45
 3.66319000e+03 3.19238809e-45
 3.67149320e+03 3.20671577e-45
 3.67981520e+03 3.22110857e-45
 3.68815600e+03 3.23556659e-45
 3.69651570e+03 3.25009027e-45
 3.70489440e+03 3.26467996e-45
 3.71329210e+03 3.27933577e-45
 3.72170880e+03 3.29405804e-45
 3.73014460e+03 3.30884721e-45
 3.73859950e+03 3.32370352e-45
 3.74707360e+03 3.33862720e-45
 3.75556680e+03 3.35361871e-45
 3.76407940e+03 3.36867817e-45
 3.77261120e+03 3.38380602e-45
 3.78116240e+03 3.39900252e-45
 3.78973290e+03 3.41426789e-45
 3.79832290e+03 3.42960272e-45
 3.80693230e+03 3.44500700e-45
 3.81556130e+03 3.46048133e-45
 3.82420980e+03 3.47602584e-45
 3.83287790e+03 3.49164086e-45
 3.84156570e+03 3.50732725e-45
 3.85027320e+03 3.52308393e-45
 3.85900040e+03 3.53891245e-45
 3.86774730e+03 3.55481293e-45
 3.87651410e+03 3.57078563e-45
 3.88530080e+03 3.58683067e-45
 3.89410740e+03 3.60294864e-45
 3.90293400e+03 3.61913969e-45
 3.91178050e+03 3.63540430e-45
 3.92064710e+03 3.65174272e-45
 3.92953390e+03 3.66815532e-45
 3.93844070e+03 3.68464236e-45
 3.94736770e+03 3.70120420e-45
 3.95631500e+03 3.71784124e-45
 3.96528260e+03 3.73455383e-45
 3.97427050e+03 3.75134225e-45
 3.98327870e+03 3.76820687e-45
 3.99230740e+03 3.78514794e-45
 4.00135650e+03 3.80216599e-45
 4.01042620e+03 3.81926126e-45
 4.01951640e+03 3.83643415e-45
 4.02862720e+03 3.85368491e-45
 4.03775870e+03 3.87101395e-45
 4.04691080e+03 3.88842176e-45
 4.05608370e+03 3.90590851e-45
 4.06527740e+03 3.92347457e-45
 4.07449200e+03 3.94112048e-45
 4.08372740e+03 3.95884637e-45
 4.09298370e+03 3.97665277e-45
 4.10226110e+03 3.99453995e-45
 4.11155940e+03 4.01250832e-45
 4.12087890e+03 4.03055828e-45
 4.13021940e+03 4.04869011e-45
 4.13958120e+03 4.06690421e-45
 4.14896410e+03 4.08520111e-45
 4.15836840e+03 4.10358098e-45
 4.16779390e+03 4.12204421e-45
 4.17724080e+03 4.14059123e-45
 4.18670910e+03 4.15922245e-45
 4.19619890e+03 4.17793828e-45
 4.20571020e+03 4.19673901e-45
 4.21524300e+03 4.21562519e-45
 4.22479750e+03 4.23459697e-45
 4.23437360e+03 4.25365479e-45
 4.24397140e+03 4.27279919e-45
 4.25359100e+03 4.29203047e-45
 4.26323240e+03 4.31134906e-45
 4.27289560e+03 4.33075525e-45
 4.28258070e+03 4.35024960e-45
 4.29228780e+03 4.36983242e-45
 4.30201690e+03 4.38950413e-45
 4.31176800e+03 4.40926505e-45
 4.32154130e+03 4.42911586e-45
 4.33133670e+03 4.44905648e-45
 4.34115430e+03 4.46908762e-45
 4.35099410e+03 4.48920985e-45
 4.36085630e+03 4.50942334e-45
 4.37074080e+03 4.52972854e-45
 4.38064770e+03 4.55012589e-45
 4.39057710e+03 4.57061586e-45
 4.40052890e+03 4.59119874e-45
 4.41050340e+03 4.61187513e-45
 4.42050040e+03 4.63264534e-45
 4.43052010e+03 4.65350984e-45
 4.44056250e+03 4.67446893e-45
 4.45062770e+03 4.69552323e-45
 4.46071570e+03 4.71667304e-45
 4.47082650e+03 4.73791898e-45
 4.48096030e+03 4.75926122e-45
 4.49111700e+03 4.78070024e-45
 4.50129680e+03 4.80223678e-45
 4.51149960e+03 4.82387090e-45
 4.52172560e+03 4.84560319e-45
 4.53197470e+03 4.86743429e-45
 4.54224710e+03 4.88936438e-45
 4.55254280e+03 4.91139394e-45
 4.56286180e+03 4.93352344e-45
 4.57320410e+03 4.95575352e-45
 4.58357000e+03 4.97808451e-45
 4.59395930e+03 5.00051675e-45
 4.60437220e+03 5.02305073e-45
 4.61480860e+03 5.04568709e-45
 4.62526880e+03 5.06842616e-45
 4.63575260e+03 5.09126845e-45
 4.64626020e+03 5.11421444e-45
 4.65679160e+03 5.13726448e-45
 4.66734690e+03 5.16041923e-45
 4.67792610e+03 5.18367903e-45
 4.68852930e+03 5.20704438e-45
 4.69915650e+03 5.23051580e-45
 4.70980780e+03 5.25409378e-45
 4.72048330e+03 5.27777869e-45
 4.73118290e+03 5.30157118e-45
 4.74190690e+03 5.32547162e-45
 4.75265510e+03 5.34948052e-45
 4.76342760e+03 5.37359825e-45
 4.77422460e+03 5.39782562e-45
 4.78504610e+03 5.42216286e-45
 4.79589210e+03 5.44661063e-45
 4.80676270e+03 5.47116946e-45
 4.81765790e+03 5.49583943e-45
 4.82857780e+03 5.52062166e-45
 4.83952250e+03 5.54551624e-45
 4.85049190e+03 5.57052369e-45
 4.86148630e+03 5.59564485e-45
 4.87250550e+03 5.62087995e-45
 4.88354980e+03 5.64622954e-45
 4.89461900e+03 5.67169415e-45
 4.90571340e+03 5.69727448e-45
 4.91683290e+03 5.72297076e-45
 4.92797760e+03 5.74878370e-45
 4.93914760e+03 5.77471385e-45
 4.95034290e+03 5.80076159e-45
 4.96156350e+03 5.82692765e-45
 4.97280960e+03 5.85321241e-45
 4.98408120e+03 5.87961644e-45
 4.99537840e+03 5.90614029e-45
 5.00670110e+03 5.93278469e-45
 5.01804950e+03 5.95954989e-45
 5.02942360e+03 5.98643660e-45
 5.04082360e+03 6.01344524e-45
 5.05224930e+03 6.04057654e-45
 5.06370100e+03 6.06783091e-45
 5.07517860e+03 6.09520908e-45
 5.08668220e+03 6.12271148e-45
 5.09821190e+03 6.15033868e-45
 5.10976770e+03 6.17809111e-45
 5.12134970e+03 6.20596966e-45
 5.13295800e+03 6.23397477e-45
 5.14459260e+03 6.26210687e-45
 5.15625350e+03 6.29036670e-45
 5.16794090e+03 6.31875485e-45
 5.17965480e+03 6.34727177e-45
 5.19139530e+03 6.37591822e-45
 5.20316230e+03 6.40469462e-45
 5.21495600e+03 6.43360159e-45
 5.22677650e+03 6.46263973e-45
 5.23862370e+03 6.49180964e-45
 5.25049780e+03 6.52111193e-45
 5.26239880e+03 6.55054739e-45
 5.27432680e+03 6.58011630e-45
 5.28628180e+03 6.60981943e-45
 5.29826390e+03 6.63965725e-45
 5.31027320e+03 6.66963070e-45
 5.32230970e+03 6.69974008e-45
 5.33437350e+03 6.72998618e-45
 5.34646460e+03 6.76036947e-45
 5.35858310e+03 6.79089058e-45
 5.37072910e+03 6.82155029e-45
 5.38290270e+03 6.85234927e-45
 5.39510380e+03 6.88328796e-45
 5.40733260e+03 6.91436703e-45
 5.41958910e+03 6.94558710e-45
 5.43187330e+03 6.97694900e-45
 5.44418550e+03 7.00845304e-45
 5.45652550e+03 7.04010021e-45
 5.46889350e+03 7.07189099e-45
 5.48128950e+03 7.10382603e-45
 5.49371360e+03 7.13590601e-45
 5.50616590e+03 7.16813158e-45
 5.51864650e+03 7.20050340e-45
 5.53115530e+03 7.23302215e-45
 5.54369240e+03 7.26568848e-45
 5.55625800e+03 7.29850309e-45
 5.56885210e+03 7.33146664e-45
 5.58147470e+03 7.36457980e-45
 5.59412590e+03 7.39784327e-45
 5.60680580e+03 7.43125754e-45
 5.61951440e+03 7.46482366e-45
 5.63225180e+03 7.49854196e-45
 5.64501810e+03 7.53241349e-45
 5.65781340e+03 7.56643859e-45
 5.67063760e+03 7.60061813e-45
 5.68349090e+03 7.63495281e-45
 5.69637340e+03 7.66944333e-45
 5.70928500e+03 7.70409040e-45
 5.72222600e+03 7.73889473e-45
 5.73519620e+03 7.77385685e-45
 5.74819590e+03 7.80897783e-45
 5.76122500e+03 7.84425821e-45
 5.77428360e+03 7.87969853e-45
 5.78737190e+03 7.91529986e-45
 5.80048980e+03 7.95106277e-45
 5.81363740e+03 7.98698796e-45
 5.82681490e+03 8.02307601e-45
 5.84002220e+03 8.05932816e-45
 5.85325940e+03 8.09574464e-45
 5.86652670e+03 8.13232635e-45
 5.87982400e+03 8.16907422e-45
 5.89315150e+03 8.20598881e-45
 5.90650910e+03 8.24307105e-45
 5.91989710e+03 8.28032152e-45
 5.93331540e+03 8.31774096e-45
 5.94676410e+03 8.35533032e-45
 5.96024330e+03 8.39309018e-45
 5.97375300e+03 8.43102148e-45
 5.98729340e+03 8.46912499e-45
 6.00086450e+03 8.50740148e-45
 6.01446630e+03 8.54585154e-45
 6.02809890e+03 8.58447612e-45
 6.04176250e+03 8.62327601e-45
 6.05545700e+03 8.66225199e-45
 6.06918260e+03 8.70140485e-45
 6.08293930e+03 8.74073555e-45
 6.09672710e+03 8.78024453e-45
 6.11054620e+03 8.81993293e-45
 6.12439670e+03 8.85980158e-45
 6.13827850e+03 8.89985088e-45
 6.15219180e+03 8.94008222e-45
 6.16613660e+03 8.98049601e-45
 6.18011300e+03 9.02109326e-45
 6.19412110e+03 9.06187479e-45
 6.20816100e+03 9.10284141e-45
 6.22223270e+03 9.14399375e-45
 6.23633630e+03 9.18533301e-45
 6.25047180e+03 9.22686003e-45
 6.26463940e+03 9.26857525e-45
 6.27883910e+03 9.31048008e-45
 6.29307100e+03 9.35257478e-45
 6.30733520e+03 9.39486078e-45
 6.32163170e+03 9.43733852e-45
 6.33596050e+03 9.48000924e-45
 6.35032190e+03 9.52287341e-45
 6.36471580e+03 9.56593226e-45
 6.37914240e+03 9.60918647e-45
 6.39360160e+03 9.65263708e-45
 6.40809360e+03 9.69628477e-45
 6.42261850e+03 9.74013060e-45
 6.43717630e+03 9.78417544e-45
 6.45176710e+03 9.82842017e-45
 6.46639090e+03 9.87286567e-45
 6.48104790e+03 9.91751301e-45
 6.49573820e+03 9.96236288e-45
 6.51046170e+03 1.00074154e-44
 6.52521860e+03 1.00526732e-44
 6.54000890e+03 1.00981376e-44
 6.55483280e+03 1.01438073e-44
 6.56969030e+03 1.01896831e-44
 6.58458140e+03 1.02357695e-44
 6.59950630e+03 1.02820634e-44
 6.61446500e+03 1.03285675e-44
 6.62945770e+03 1.03752824e-44
 6.64448430e+03 1.04222109e-44
 6.65954500e+03 1.04693517e-44
 6.67463980e+03 1.05167055e-44
 6.68976880e+03 1.05642752e-44
 6.70493210e+03 1.06120593e-44
 6.72012980e+03 1.06600628e-44
 6.73536200e+03 1.07082822e-44
 6.75062860e+03 1.07567203e-44
 6.76592990e+03 1.08053800e-44
 6.78126590e+03 1.08542579e-44
 6.79663660e+03 1.09033589e-44
 6.81204210e+03 1.09526837e-44
 6.82748260e+03 1.10022310e-44
 6.84295810e+03 1.10520057e-44
 6.85846860e+03 1.11020024e-44
 6.87401430e+03 1.11522280e-44
 6.88959530e+03 1.12026835e-44
 6.90521150e+03 1.12533653e-44
 6.92086320e+03 1.13042784e-44
 6.93655030e+03 1.13554215e-44
 6.95227300e+03 1.14067975e-44
 6.96803130e+03 1.14584072e-44
 6.98382540e+03 1.15102493e-44
 6.99965520e+03 1.15623288e-44
 7.01552090e+03 1.16146423e-44
 7.03142260e+03 1.16671949e-44
 7.04736040e+03 1.17199851e-44
 7.06333420e+03 1.17730160e-44
 7.07934430e+03 1.18262863e-44
 7.09539060e+03 1.18797989e-44
 7.11147340e+03 1.19335546e-44
 7.12759250e+03 1.19875543e-44
 7.14374820e+03 1.20417988e-44
 7.15994060e+03 1.20962911e-44
 7.17616960e+03 1.21510277e-44
 7.19243540e+03 1.22060160e-44
 7.20873810e+03 1.22612525e-44
 7.22507780e+03 1.23167380e-44
 7.24145440e+03 1.23724777e-44
 7.25786820e+03 1.24284682e-44
 7.27431920e+03 1.24847147e-44
 7.29080750e+03 1.25412158e-44
 7.30733320e+03 1.25979725e-44
 7.32389630e+03 1.26549878e-44
 7.34049700e+03 1.27122626e-44
 7.35713530e+03 1.27697955e-44
 7.37381130e+03 1.28275898e-44
 7.39052510e+03 1.28856484e-44
 7.40727680e+03 1.29439679e-44
 7.42406640e+03 1.30025535e-44
 7.44089410e+03 1.30614041e-44
 7.45776000e+03 1.31205227e-44
 7.47466410e+03 1.31799102e-44
 7.49160650e+03 1.32395653e-44
 7.50858730e+03 1.32994935e-44
 7.52560660e+03 1.33596911e-44
 7.54266440e+03 1.34201637e-44
 7.55976100e+03 1.34809098e-44
 7.57689630e+03 1.35419327e-44
 7.59407040e+03 1.36032310e-44
 7.61128340e+03 1.36648081e-44
 7.62853550e+03 1.37266648e-44
 7.64582670e+03 1.37888044e-44
 7.66315700e+03 1.38512233e-44
 7.68052670e+03 1.39139270e-44
 7.69793570e+03 1.39769142e-44
 7.71538420e+03 1.40401858e-44
 7.73287220e+03 1.41037476e-44
 7.75039990e+03 1.41675957e-44
 7.76796730e+03 1.42317336e-44
 7.78557450e+03 1.42961647e-44
 7.80322160e+03 1.43608874e-44
 7.82090870e+03 1.44259028e-44
 7.83863590e+03 1.44912144e-44
 7.85640330e+03 1.45568206e-44
 7.87421100e+03 1.46227274e-44
 7.89205900e+03 1.46889310e-44
 7.90994750e+03 1.47554346e-44
 7.92787660e+03 1.48222419e-44
 7.94584620e+03 1.48893514e-44
 7.96385660e+03 1.49567666e-44
 7.98190790e+03 1.50244860e-44
 8.00000000e+03 1.50925132e-44
