## From prospect document Policy/CoordinatedFollowUpProgram/data
9.00000000e+00 1.78383910e-21
 9.02039980e+00 2.20884790e-21
 9.04084580e+00 2.94426080e-21
 9.06133820e+00 4.50554600e-21
 9.08187700e+00 9.96161620e-21
 9.10246240e+00 4.13645810e-20
 9.12309440e+00 6.63295670e-21
 9.14377330e+00 3.59264980e-21
 9.16449890e+00 2.46381050e-21
 9.18527160e+00 1.87856040e-21
 9.20609130e+00 1.52271010e-21
 9.22695830e+00 1.28499350e-21
 9.24787250e+00 1.11600630e-21
 9.26883410e+00 9.90454380e-22
 9.28984330e+00 8.94042790e-22
 9.31090000e+00 8.18082570e-22
 9.33200450e+00 7.56988580e-22
 9.35315680e+00 7.07008430e-22
 9.37435710e+00 6.65529150e-22
 9.39560540e+00 6.30676810e-22
 9.41690190e+00 6.01073950e-22
 9.43824670e+00 5.75686750e-22
 9.45963980e+00 5.53725390e-22
 9.48108150e+00 5.34577090e-22
 9.50257170e+00 5.17759990e-22
 9.52411070e+00 5.02890740e-22
 9.54569840e+00 4.89661110e-22
 9.56733510e+00 4.77820980e-22
 9.58902090e+00 4.67165660e-22
 9.61075570e+00 4.57526390e-22
 9.63253990e+00 4.48763010e-22
 9.65437340e+00 4.40758410e-22
 9.67625650e+00 4.33414160e-22
 9.69818910e+00 4.26647060e-22
 9.72017140e+00 4.20386470e-22
 9.74220360e+00 4.14572090e-22
 9.76428570e+00 4.09152220e-22
 9.78641790e+00 4.04082360e-22
 9.80860020e+00 3.99324060e-22
 9.83083280e+00 3.94843980e-22
 9.85311580e+00 3.90613090e-22
 9.87544930e+00 3.86606020e-22
 9.89783340e+00 3.82800590e-22
 9.92026830e+00 3.79177250e-22
 9.94275400e+00 3.75718810e-22
 9.96529070e+00 3.72410050e-22
 9.98787840e+00 3.69237510e-22
 1.00105170e+01 3.66189230e-22
 1.00332080e+01 3.63254550e-22
 1.00559490e+01 3.60423980e-22
 1.00787430e+01 3.57688990e-22
 1.01015880e+01 3.55041950e-22
 1.01244840e+01 3.52476000e-22
 1.01474330e+01 3.49984970e-22
 1.01704330e+01 3.47563290e-22
 1.01934860e+01 3.45205930e-22
 1.02165910e+01 3.42908320e-22
 1.02397490e+01 3.40666340e-22
 1.02629580e+01 3.38476240e-22
 1.02862210e+01 3.36334590e-22
 1.03095360e+01 3.34238290e-22
 1.03329040e+01 3.32184490e-22
 1.03563250e+01 3.30170600e-22
 1.03797990e+01 3.28194230e-22
 1.04033270e+01 3.26253200e-22
 1.04269070e+01 3.24345520e-22
 1.04505410e+01 3.22469350e-22
 1.04742290e+01 3.20622980e-22
 1.04979700e+01 3.18804860e-22
 1.05217650e+01 3.17013550e-22
 1.05456150e+01 3.15247720e-22
 1.05695180e+01 3.13506130e-22
 1.05934750e+01 3.11787640e-22
 1.06174870e+01 3.10091200e-22
 1.06415530e+01 3.08415840e-22
 1.06656730e+01 3.06760620e-22
 1.06898490e+01 3.05124710e-22
 1.07140790e+01 3.03507320e-22
 1.07383640e+01 3.01907720e-22
 1.07627040e+01 3.00325200e-22
 1.07870990e+01 2.98759140e-22
 1.08115490e+01 2.97208940e-22
 1.08360550e+01 2.95674030e-22
 1.08606170e+01 2.94153880e-22
 1.08852340e+01 2.92648010e-22
 1.09099070e+01 2.91155960e-22
 1.09346360e+01 2.89677280e-22
 1.09594210e+01 2.88211580e-22
 1.09842620e+01 2.86758460e-22
 1.10091590e+01 2.85317570e-22
 1.10341130e+01 2.83888560e-22
 1.10591240e+01 2.82471110e-22
 1.10841910e+01 2.81064930e-22
 1.11093150e+01 2.79669710e-22
 1.11344950e+01 2.78285200e-22
 1.11597330e+01 2.76911130e-22
 1.11850280e+01 2.75547260e-22
 1.12103810e+01 2.74193360e-22
 1.12357910e+01 2.72849210e-22
 1.12612580e+01 2.71514610e-22
 1.12867840e+01 2.70189350e-22
 1.13123670e+01 2.68873240e-22
 1.13380080e+01 2.67566120e-22
 1.13637070e+01 2.66267800e-22
 1.13894650e+01 2.64978120e-22
 1.14152800e+01 2.63696940e-22
 1.14411550e+01 2.62424090e-22
 1.14670880e+01 2.61159440e-22
 1.14930800e+01 2.59902860e-22
 1.15191300e+01 2.58654210e-22
 1.15452400e+01 2.57413370e-22
 1.15714090e+01 2.56180210e-22
 1.15976370e+01 2.54954640e-22
 1.16239250e+01 2.53736520e-22
 1.16502720e+01 2.52525770e-22
 1.16766790e+01 2.51322270e-22
 1.17031460e+01 2.50125930e-22
 1.17296730e+01 2.48936650e-22
 1.17562600e+01 2.47754350e-22
 1.17829070e+01 2.46578940e-22
 1.18096150e+01 2.45410320e-22
 1.18363830e+01 2.44248430e-22
 1.18632120e+01 2.43093170e-22
 1.18901020e+01 2.41944480e-22
 1.19170520e+01 2.40802270e-22
 1.19440640e+01 2.39666490e-22
 1.19711370e+01 2.38537050e-22
 1.19982710e+01 2.37413890e-22
 1.20254670e+01 2.36296950e-22
 1.20527250e+01 2.35186150e-22
 1.20800440e+01 2.34081450e-22
 1.21074250e+01 2.32982770e-22
 1.21348680e+01 2.31890060e-22
 1.21623740e+01 2.30803270e-22
 1.21899410e+01 2.29722330e-22
 1.22175720e+01 2.28647200e-22
 1.22452640e+01 2.27577810e-22
 1.22730200e+01 2.26514120e-22
 1.23008390e+01 2.25456080e-22
 1.23287200e+01 2.24403640e-22
 1.23566650e+01 2.23356750e-22
 1.23846730e+01 2.22315370e-22
 1.24127450e+01 2.21279440e-22
 1.24408800e+01 2.20248920e-22
 1.24690790e+01 2.19223770e-22
 1.24973420e+01 2.18203940e-22
 1.25256690e+01 2.17189400e-22
 1.25540600e+01 2.16180090e-22
 1.25825160e+01 2.15175990e-22
 1.26110360e+01 2.14177050e-22
 1.26396210e+01 2.13183220e-22
 1.26682700e+01 2.12194480e-22
 1.26969850e+01 2.11210780e-22
 1.27257640e+01 2.10232090e-22
 1.27546090e+01 2.09258370e-22
 1.27835190e+01 2.08289590e-22
 1.28124950e+01 2.07325700e-22
 1.28415360e+01 2.06366670e-22
 1.28706440e+01 2.05412480e-22
 1.28998170e+01 2.04463080e-22
 1.29290560e+01 2.03518440e-22
 1.29583620e+01 2.02578530e-22
 1.29877340e+01 2.01643320e-22
 1.30171720e+01 2.00712780e-22
 1.30466770e+01 1.99786870e-22
 1.30762500e+01 1.98865560e-22
 1.31058890e+01 1.97948820e-22
 1.31355950e+01 1.97036630e-22
 1.31653690e+01 1.96128950e-22
 1.31952100e+01 1.95225760e-22
 1.32251190e+01 1.94327010e-22
 1.32550960e+01 1.93432700e-22
 1.32851400e+01 1.92542780e-22
 1.33152530e+01 1.91657230e-22
 1.33454340e+01 1.90776030e-22
 1.33756830e+01 1.89899140e-22
 1.34060010e+01 1.89026540e-22
 1.34363880e+01 1.88158200e-22
 1.34668430e+01 1.87294090e-22
 1.34973680e+01 1.86434200e-22
 1.35279610e+01 1.85578490e-22
 1.35586240e+01 1.84726940e-22
 1.35893570e+01 1.83879520e-22
 1.36201590e+01 1.83036210e-22
 1.36510310e+01 1.82196990e-22
 1.36819730e+01 1.81361820e-22
 1.37129850e+01 1.80530700e-22
 1.37440680e+01 1.79703580e-22
 1.37752210e+01 1.78880450e-22
 1.38064440e+01 1.78061290e-22
 1.38377390e+01 1.77246070e-22
 1.38691040e+01 1.76434770e-22
 1.39005400e+01 1.75627370e-22
 1.39320480e+01 1.74823840e-22
 1.39636270e+01 1.74024170e-22
 1.39952770e+01 1.73228320e-22
 1.40270000e+01 1.72436280e-22
 1.40587940e+01 1.71648030e-22
 1.40906600e+01 1.70863550e-22
 1.41225990e+01 1.70082810e-22
 1.41546100e+01 1.69305800e-22
 1.41866930e+01 1.68532490e-22
 1.42188490e+01 1.67762860e-22
 1.42510780e+01 1.66996890e-22
 1.42833800e+01 1.66234570e-22
 1.43157560e+01 1.65475860e-22
 1.43482040e+01 1.64720760e-22
 1.43807270e+01 1.63969240e-22
 1.44133230e+01 1.63221290e-22
 1.44459930e+01 1.62476880e-22
 1.44787360e+01 1.61735990e-22
 1.45115550e+01 1.60998610e-22
 1.45444470e+01 1.60264710e-22
 1.45774140e+01 1.59534280e-22
 1.46104560e+01 1.58807300e-22
 1.46435730e+01 1.58083750e-22
 1.46767640e+01 1.57363620e-22
 1.47100310e+01 1.56646880e-22
 1.47433740e+01 1.55933510e-22
 1.47767920e+01 1.55223510e-22
 1.48102860e+01 1.54516840e-22
 1.48438550e+01 1.53813500e-22
 1.48775010e+01 1.53113460e-22
 1.49112230e+01 1.52416710e-22
 1.49450210e+01 1.51723240e-22
 1.49788960e+01 1.51033020e-22
 1.50128480e+01 1.50346030e-22
 1.50468770e+01 1.49662270e-22
 1.50809830e+01 1.48981710e-22
 1.51151660e+01 1.48304340e-22
 1.51494270e+01 1.47630140e-22
 1.51837650e+01 1.46959090e-22
 1.52181810e+01 1.46291180e-22
 1.52526760e+01 1.45626400e-22
 1.52872480e+01 1.44964720e-22
 1.53218990e+01 1.44306140e-22
 1.53566280e+01 1.43650620e-22
 1.53914360e+01 1.42998170e-22
 1.54263230e+01 1.42348760e-22
 1.54612890e+01 1.41702380e-22
 1.54963340e+01 1.41059020e-22
 1.55314590e+01 1.40418650e-22
 1.55666630e+01 1.39781270e-22
 1.56019470e+01 1.39146850e-22
 1.56373110e+01 1.38515390e-22
 1.56727550e+01 1.37886860e-22
 1.57082800e+01 1.37261260e-22
 1.57438850e+01 1.36638570e-22
 1.57795710e+01 1.36018770e-22
 1.58153370e+01 1.35401850e-22
 1.58511850e+01 1.34787800e-22
 1.58871140e+01 1.34176600e-22
 1.59231250e+01 1.33568240e-22
 1.59592170e+01 1.32962700e-22
 1.59953900e+01 1.32359970e-22
 1.60316460e+01 1.31760040e-22
 1.60679840e+01 1.31162890e-22
 1.61044050e+01 1.30568510e-22
 1.61409080e+01 1.29976880e-22
 1.61774930e+01 1.29388000e-22
 1.62141620e+01 1.28801840e-22
 1.62509140e+01 1.28218390e-22
 1.62877490e+01 1.27637650e-22
 1.63246670e+01 1.27059600e-22
 1.63616700e+01 1.26484220e-22
 1.63987560e+01 1.25911500e-22
 1.64359260e+01 1.25341430e-22
 1.64731800e+01 1.24774000e-22
 1.65105190e+01 1.24209190e-22
 1.65479420e+01 1.23646990e-22
 1.65854510e+01 1.23087390e-22
 1.66230440e+01 1.22530380e-22
 1.66607230e+01 1.21975930e-22
 1.66984860e+01 1.21424050e-22
 1.67363360e+01 1.20874720e-22
 1.67742710e+01 1.20327920e-22
 1.68122930e+01 1.19783650e-22
 1.68504000e+01 1.19241890e-22
 1.68885940e+01 1.18702620e-22
 1.69268740e+01 1.18165850e-22
 1.69652420e+01 1.17631550e-22
 1.70036960e+01 1.17099710e-22
 1.70422370e+01 1.16570330e-22
 1.70808660e+01 1.16043390e-22
 1.71195820e+01 1.15518870e-22
 1.71583860e+01 1.14996780e-22
 1.71972780e+01 1.14477080e-22
 1.72362580e+01 1.13959790e-22
 1.72753260e+01 1.13444870e-22
 1.73144830e+01 1.12932330e-22
 1.73537290e+01 1.12422140e-22
 1.73930640e+01 1.11914310e-22
 1.74324880e+01 1.11408810e-22
 1.74720010e+01 1.10905640e-22
 1.75116040e+01 1.10404780e-22
 1.75512960e+01 1.09906230e-22
 1.75910790e+01 1.09409980e-22
 1.76309520e+01 1.08916000e-22
 1.76709150e+01 1.08424300e-22
 1.77109680e+01 1.07934860e-22
 1.77511130e+01 1.07447670e-22
 1.77913480e+01 1.06962720e-22
 1.78316750e+01 1.06480000e-22
 1.78720930e+01 1.05999500e-22
 1.79126030e+01 1.05521210e-22
 1.79532040e+01 1.05045120e-22
 1.79938980e+01 1.04571210e-22
 1.80346830e+01 1.04099480e-22
 1.80755620e+01 1.03629920e-22
 1.81165320e+01 1.03162520e-22
 1.81575960e+01 1.02697260e-22
 1.81987530e+01 1.02234140e-22
 1.82400030e+01 1.01773150e-22
 1.82813470e+01 1.01314270e-22
 1.83227840e+01 1.00857500e-22
 1.83643150e+01 1.00402830e-22
 1.84059410e+01 9.99502460e-23
 1.84476600e+01 9.94997400e-23
 1.84894750e+01 9.90513020e-23
 1.85313840e+01 9.86049220e-23
 1.85733880e+01 9.81605920e-23
 1.86154870e+01 9.77183000e-23
 1.86576820e+01 9.72780380e-23
 1.86999720e+01 9.68397970e-23
 1.87423580e+01 9.64035660e-23
 1.87848400e+01 9.59693370e-23
 1.88274190e+01 9.55371000e-23
 1.88700940e+01 9.51068470e-23
 1.89128660e+01 9.46785660e-23
 1.89557340e+01 9.42522510e-23
 1.89987000e+01 9.38278910e-23
 1.90417640e+01 9.34054770e-23
 1.90849250e+01 9.29850000e-23
 1.91281830e+01 9.25664520e-23
 1.91715400e+01 9.21498240e-23
 1.92149950e+01 9.17351060e-23
 1.92585490e+01 9.13222890e-23
 1.93022010e+01 9.09113660e-23
 1.93459520e+01 9.05023260e-23
 1.93898020e+01 9.00951620e-23
 1.94337520e+01 8.96898650e-23
 1.94778020e+01 8.92864250e-23
 1.95219510e+01 8.88848360e-23
 1.95662000e+01 8.84850870e-23
 1.96105500e+01 8.80871710e-23
 1.96550000e+01 8.76910780e-23
 1.96995510e+01 8.72968020e-23
 1.97442030e+01 8.69043320e-23
 1.97889560e+01 8.65136610e-23
 1.98338100e+01 8.61247810e-23
 1.98787660e+01 8.57376830e-23
 1.99238250e+01 8.53523600e-23
 1.99689850e+01 8.49688020e-23
 2.00142470e+01 8.45870020e-23
 2.00596120e+01 8.42069520e-23
 2.01050800e+01 8.38286440e-23
 2.01506520e+01 8.34520690e-23
 2.01963260e+01 8.30772200e-23
 2.02421040e+01 8.27040880e-23
 2.02879850e+01 8.23326670e-23
 2.03339710e+01 8.19629470e-23
 2.03800610e+01 8.15949220e-23
 2.04262550e+01 8.12285830e-23
 2.04725540e+01 8.08639230e-23
 2.05189580e+01 8.05009340e-23
 2.05654670e+01 8.01396080e-23
 2.06120820e+01 7.97799370e-23
 2.06588020e+01 7.94219150e-23
 2.07056280e+01 7.90655340e-23
 2.07525610e+01 7.87107850e-23
 2.07995990e+01 7.83576620e-23
 2.08467450e+01 7.80061570e-23
 2.08939970e+01 7.76562630e-23
 2.09413560e+01 7.73079720e-23
 2.09888230e+01 7.69612770e-23
 2.10363970e+01 7.66161710e-23
 2.10840790e+01 7.62726460e-23
 2.11318690e+01 7.59306950e-23
 2.11797670e+01 7.55903110e-23
 2.12277740e+01 7.52514870e-23
 2.12758900e+01 7.49142160e-23
 2.13241150e+01 7.45784900e-23
 2.13724490e+01 7.42443030e-23
 2.14208930e+01 7.39116480e-23
 2.14694460e+01 7.35805170e-23
 2.15181100e+01 7.32509030e-23
 2.15668840e+01 7.29228000e-23
 2.16157680e+01 7.25962010e-23
 2.16647640e+01 7.22710990e-23
 2.17138700e+01 7.19474870e-23
 2.17630870e+01 7.16253580e-23
 2.18124170e+01 7.13047060e-23
 2.18618580e+01 7.09855240e-23
 2.19114110e+01 7.06678040e-23
 2.19610760e+01 7.03515410e-23
 2.20108540e+01 7.00367280e-23
 2.20607450e+01 6.97233580e-23
 2.21107490e+01 6.94114250e-23
 2.21608660e+01 6.91009220e-23
 2.22110970e+01 6.87918420e-23
 2.22614410e+01 6.84841800e-23
 2.23119000e+01 6.81779280e-23
 2.23624730e+01 6.78730810e-23
 2.24131610e+01 6.75696310e-23
 2.24639630e+01 6.72675730e-23
 2.25148810e+01 6.69669000e-23
 2.25659140e+01 6.66676060e-23
 2.26170630e+01 6.63696850e-23
 2.26683280e+01 6.60731300e-23
 2.27197090e+01 6.57779360e-23
 2.27712070e+01 6.54840950e-23
 2.28228210e+01 6.51916030e-23
 2.28745520e+01 6.49004520e-23
 2.29264010e+01 6.46106370e-23
 2.29783670e+01 6.43221510e-23
 2.30304500e+01 6.40349890e-23
 2.30826520e+01 6.37491450e-23
 2.31349720e+01 6.34646130e-23
 2.31874110e+01 6.31813860e-23
 2.32399690e+01 6.28994590e-23
 2.32926450e+01 6.26188260e-23
 2.33454420e+01 6.23394810e-23
 2.33983570e+01 6.20614180e-23
 2.34513930e+01 6.17846310e-23
 2.35045490e+01 6.15091160e-23
 2.35578250e+01 6.12348650e-23
 2.36112230e+01 6.09618730e-23
 2.36647410e+01 6.06901350e-23
 2.37183800e+01 6.04196440e-23
 2.37721420e+01 6.01503960e-23
 2.38260250e+01 5.98823840e-23
 2.38800300e+01 5.96156030e-23
 2.39341570e+01 5.93500480e-23
 2.39884070e+01 5.90857130e-23
 2.40427810e+01 5.88225910e-23
 2.40972770e+01 5.85606790e-23
 2.41518970e+01 5.82999700e-23
 2.42066410e+01 5.80404590e-23
 2.42615080e+01 5.77821410e-23
 2.43165010e+01 5.75250100e-23
 2.43716170e+01 5.72690610e-23
 2.44268590e+01 5.70142880e-23
 2.44822260e+01 5.67606860e-23
 2.45377190e+01 5.65082510e-23
 2.45933370e+01 5.62569760e-23
 2.46490810e+01 5.60068560e-23
 2.47049520e+01 5.57578870e-23
 2.47609490e+01 5.55100630e-23
 2.48170740e+01 5.52633780e-23
 2.48733250e+01 5.50178290e-23
 2.49297040e+01 5.47734090e-23
 2.49862110e+01 5.45301130e-23
 2.50428460e+01 5.42879370e-23
 2.50996090e+01 5.40468760e-23
 2.51565010e+01 5.38069240e-23
 2.52135220e+01 5.35680760e-23
 2.52706720e+01 5.33303280e-23
 2.53279510e+01 5.30936740e-23
 2.53853610e+01 5.28581110e-23
 2.54429000e+01 5.26236310e-23
 2.55005700e+01 5.23902320e-23
 2.55583710e+01 5.21579070e-23
 2.56163030e+01 5.19266530e-23
 2.56743660e+01 5.16964640e-23
 2.57325600e+01 5.14673360e-23
 2.57908870e+01 5.12392630e-23
 2.58493460e+01 5.10122420e-23
 2.59079370e+01 5.07862670e-23
 2.59666610e+01 5.05613330e-23
 2.60255180e+01 5.03374370e-23
 2.60845090e+01 5.01145730e-23
 2.61436330e+01 4.98927360e-23
 2.62028910e+01 4.96719230e-23
 2.62622840e+01 4.94521280e-23
 2.63218110e+01 4.92333470e-23
 2.63814730e+01 4.90155750e-23
 2.64412710e+01 4.87988090e-23
 2.65012040e+01 4.85830420e-23
 2.65612720e+01 4.83682720e-23
 2.66214770e+01 4.81544930e-23
 2.66818190e+01 4.79417010e-23
 2.67422970e+01 4.77298910e-23
 2.68029120e+01 4.75190600e-23
 2.68636650e+01 4.73092020e-23
 2.69245550e+01 4.71003140e-23
 2.69855840e+01 4.68923910e-23
 2.70467500e+01 4.66854290e-23
 2.71080560e+01 4.64794230e-23
 2.71695000e+01 4.62743700e-23
 2.72310840e+01 4.60702640e-23
 2.72928070e+01 4.58671020e-23
 2.73546700e+01 4.56648800e-23
 2.74166730e+01 4.54635930e-23
 2.74788170e+01 4.52632370e-23
 2.75411020e+01 4.50638070e-23
 2.76035270e+01 4.48653010e-23
 2.76660950e+01 4.46677140e-23
 2.77288040e+01 4.44710410e-23
 2.77916550e+01 4.42752780e-23
 2.78546490e+01 4.40804220e-23
 2.79177860e+01 4.38864690e-23
 2.79810650e+01 4.36934140e-23
 2.80444880e+01 4.35012530e-23
 2.81080550e+01 4.33099830e-23
 2.81717660e+01 4.31195990e-23
 2.82356220e+01 4.29300970e-23
 2.82996220e+01 4.27414740e-23
 2.83637670e+01 4.25537260e-23
 2.84280570e+01 4.23668490e-23
 2.84924940e+01 4.21808380e-23
 2.85570760e+01 4.19956900e-23
 2.86218050e+01 4.18114020e-23
 2.86866800e+01 4.16279680e-23
 2.87517030e+01 4.14453870e-23
 2.88168730e+01 4.12636530e-23
 2.88821900e+01 4.10827630e-23
 2.89476560e+01 4.09027130e-23
 2.90132700e+01 4.07235000e-23
 2.90790330e+01 4.05451200e-23
 2.91449440e+01 4.03675680e-23
 2.92110060e+01 4.01908420e-23
 2.92772160e+01 4.00149380e-23
 2.93435770e+01 3.98398520e-23
 2.94100890e+01 3.96655800e-23
 2.94767510e+01 3.94921190e-23
 2.95435640e+01 3.93194650e-23
 2.96105290e+01 3.91476150e-23
 2.96776460e+01 3.89765650e-23
 2.97449140e+01 3.88063110e-23
 2.98123350e+01 3.86368510e-23
 2.98799090e+01 3.84681800e-23
 2.99476360e+01 3.83002950e-23
 3.00155170e+01 3.81331920e-23
 3.00835520e+01 3.79668690e-23
 3.01517400e+01 3.78013210e-23
 3.02200840e+01 3.76365450e-23
 3.02885820e+01 3.74725380e-23
 3.03572350e+01 3.73092960e-23
 3.04260440e+01 3.71468160e-23
 3.04950090e+01 3.69850950e-23
 3.05641300e+01 3.68241290e-23
 3.06334080e+01 3.66639150e-23
 3.07028440e+01 3.65044490e-23
 3.07724360e+01 3.63457290e-23
 3.08421860e+01 3.61877500e-23
 3.09120940e+01 3.60305110e-23
 3.09821610e+01 3.58740060e-23
 3.10523870e+01 3.57182340e-23
 3.11227710e+01 3.55631910e-23
 3.11933150e+01 3.54088730e-23
 3.12640200e+01 3.52552780e-23
 3.13348840e+01 3.51024020e-23
 3.14059090e+01 3.49502420e-23
 3.14770950e+01 3.47987960e-23
 3.15484420e+01 3.46480590e-23
 3.16199510e+01 3.44980280e-23
 3.16916230e+01 3.43487020e-23
 3.17634560e+01 3.42000760e-23
 3.18354530e+01 3.40521470e-23
 3.19076120e+01 3.39049130e-23
 3.19799360e+01 3.37583700e-23
 3.20524230e+01 3.36125150e-23
 3.21250740e+01 3.34673450e-23
 3.21978900e+01 3.33228570e-23
 3.22708710e+01 3.31790490e-23
 3.23440180e+01 3.30359170e-23
 3.24173300e+01 3.28934580e-23
 3.24908090e+01 3.27516700e-23
 3.25644540e+01 3.26105480e-23
 3.26382660e+01 3.24700910e-23
 3.27122450e+01 3.23302960e-23
 3.27863920e+01 3.21911590e-23
 3.28607070e+01 3.20526780e-23
 3.29351910e+01 3.19148490e-23
 3.30098430e+01 3.17776710e-23
 3.30846650e+01 3.16411390e-23
 3.31596560e+01 3.15052520e-23
 3.32348170e+01 3.13700060e-23
 3.33101480e+01 3.12353990e-23
 3.33856510e+01 3.11014270e-23
 3.34613240e+01 3.09680890e-23
 3.35371690e+01 3.08353810e-23
 3.36131860e+01 3.07033000e-23
 3.36893750e+01 3.05718440e-23
 3.37657370e+01 3.04410100e-23
 3.38422720e+01 3.03107950e-23
 3.39189800e+01 3.01811970e-23
 3.39958620e+01 3.00522130e-23
 3.40729190e+01 2.99238400e-23
 3.41501500e+01 2.97960750e-23
 3.42275560e+01 2.96689160e-23
 3.43051380e+01 2.95423610e-23
 3.43828950e+01 2.94164060e-23
 3.44608290e+01 2.92910490e-23
 3.45389400e+01 2.91662870e-23
 3.46172270e+01 2.90421180e-23
 3.46956920e+01 2.89185390e-23
 3.47743350e+01 2.87955480e-23
 3.48531560e+01 2.86731420e-23
 3.49321550e+01 2.85513180e-23
 3.50113340e+01 2.84300740e-23
 3.50906920e+01 2.83094070e-23
 3.51702300e+01 2.81893160e-23
 3.52499490e+01 2.80697960e-23
 3.53298480e+01 2.79508470e-23
 3.54099280e+01 2.78324650e-23
 3.54901900e+01 2.77146480e-23
 3.55706330e+01 2.75973930e-23
 3.56512590e+01 2.74806980e-23
 3.57320680e+01 2.73645610e-23
 3.58130600e+01 2.72489790e-23
 3.58942350e+01 2.71339500e-23
 3.59755950e+01 2.70194710e-23
 3.60571390e+01 2.69055400e-23
 3.61388670e+01 2.67921550e-23
 3.62207810e+01 2.66793130e-23
 3.63028810e+01 2.65670120e-23
 3.63851670e+01 2.64552490e-23
 3.64676390e+01 2.63440220e-23
 3.65502980e+01 2.62333290e-23
 3.66331440e+01 2.61231680e-23
 3.67161790e+01 2.60135360e-23
 3.67994010e+01 2.59044310e-23
 3.68828120e+01 2.57958500e-23
 3.69664130e+01 2.56877920e-23
 3.70502020e+01 2.55802540e-23
 3.71341820e+01 2.54732340e-23
 3.72183520e+01 2.53667290e-23
 3.73027130e+01 2.52607380e-23
 3.73872650e+01 2.51552570e-23
 3.74720080e+01 2.50502860e-23
 3.75569440e+01 2.49458220e-23
 3.76420720e+01 2.48418620e-23
 3.77273930e+01 2.47384040e-23
 3.78129080e+01 2.46354470e-23
 3.78986160e+01 2.45329870e-23
 3.79845190e+01 2.44310240e-23
 3.80706160e+01 2.43295540e-23
 3.81569090e+01 2.42285760e-23
 3.82433970e+01 2.41280870e-23
 3.83300810e+01 2.40280860e-23
 3.84169620e+01 2.39285700e-23
 3.85040390e+01 2.38295370e-23
 3.85913140e+01 2.37309860e-23
 3.86787870e+01 2.36329130e-23
 3.87664580e+01 2.35353170e-23
 3.88543280e+01 2.34381960e-23
 3.89423970e+01 2.33415480e-23
 3.90306650e+01 2.32453710e-23
 3.91191340e+01 2.31496630e-23
 3.92078030e+01 2.30544210e-23
 3.92966730e+01 2.29596440e-23
 3.93857450e+01 2.28653300e-23
 3.94750180e+01 2.27714770e-23
 3.95644940e+01 2.26780830e-23
 3.96541720e+01 2.25851450e-23
 3.97440540e+01 2.24926620e-23
 3.98341400e+01 2.24006330e-23
 3.99244300e+01 2.23090540e-23
 4.00149240e+01 2.22179240e-23
 4.01056240e+01 2.21272410e-23
 4.01965290e+01 2.20370040e-23
 4.02876400e+01 2.19472090e-23
 4.03789580e+01 2.18578560e-23
 4.04704830e+01 2.17689430e-23
 4.05622150e+01 2.16804670e-23
 4.06541550e+01 2.15924270e-23
 4.07463030e+01 2.15048210e-23
 4.08386610e+01 2.14176470e-23
 4.09312270e+01 2.13309030e-23
 4.10240040e+01 2.12445870e-23
 4.11169910e+01 2.11586980e-23
 4.12101880e+01 2.10732330e-23
 4.13035970e+01 2.09881910e-23
 4.13972180e+01 2.09035700e-23
 4.14910500e+01 2.08193690e-23
 4.15850960e+01 2.07355840e-23
 4.16793540e+01 2.06522160e-23
 4.17738270e+01 2.05692610e-23
 4.18685130e+01 2.04867190e-23
 4.19634140e+01 2.04045860e-23
 4.20585300e+01 2.03228630e-23
 4.21538620e+01 2.02415460e-23
 4.22494100e+01 2.01606340e-23
 4.23451740e+01 2.00801260e-23
 4.24411550e+01 2.00000190e-23
 4.25373540e+01 1.99203120e-23
 4.26337710e+01 1.98410040e-23
 4.27304070e+01 1.97620920e-23
 4.28272620e+01 1.96835740e-23
 4.29243360e+01 1.96054500e-23
 4.30216300e+01 1.95277180e-23
 4.31191450e+01 1.94503750e-23
 4.32168800e+01 1.93734200e-23
 4.33148380e+01 1.92968520e-23
 4.34130170e+01 1.92206690e-23
 4.35114190e+01 1.91448690e-23
 4.36100440e+01 1.90694500e-23
 4.37088920e+01 1.89944120e-23
 4.38079650e+01 1.89197520e-23
 4.39072620e+01 1.88454680e-23
 4.40067840e+01 1.87715600e-23
 4.41065310e+01 1.86980250e-23
 4.42065050e+01 1.86248620e-23
 4.43067060e+01 1.85520690e-23
 4.44071330e+01 1.84796450e-23
 4.45077880e+01 1.84075890e-23
 4.46086720e+01 1.83358980e-23
 4.47097840e+01 1.82645710e-23
 4.48111250e+01 1.81936060e-23
 4.49126960e+01 1.81230030e-23
 4.50144970e+01 1.80527590e-23
 4.51165280e+01 1.79828730e-23
 4.52187920e+01 1.79133430e-23
 4.53212860e+01 1.78441690e-23
 4.54240140e+01 1.77753470e-23
 4.55269740e+01 1.77068780e-23
 4.56301670e+01 1.76387590e-23
 4.57335940e+01 1.75709890e-23
 4.58372560e+01 1.75035660e-23
 4.59411530e+01 1.74364890e-23
 4.60452850e+01 1.73697570e-23
 4.61496530e+01 1.73033680e-23
 4.62542580e+01 1.72373200e-23
 4.63591000e+01 1.71716120e-23
 4.64641800e+01 1.71062430e-23
 4.65694980e+01 1.70412110e-23
 4.66750540e+01 1.69765150e-23
 4.67808500e+01 1.69121530e-23
 4.68868850e+01 1.68481250e-23
 4.69931610e+01 1.67844270e-23
 4.70996780e+01 1.67210600e-23
 4.72064360e+01 1.66580220e-23
 4.73134360e+01 1.65953110e-23
 4.74206790e+01 1.65329260e-23
 4.75281650e+01 1.64708650e-23
 4.76358940e+01 1.64091280e-23
 4.77438680e+01 1.63477120e-23
 4.78520860e+01 1.62866170e-23
 4.79605500e+01 1.62258400e-23
 4.80692590e+01 1.61653820e-23
 4.81782150e+01 1.61052400e-23
 4.82874180e+01 1.60454120e-23
 4.83968680e+01 1.59858990e-23
 4.85065670e+01 1.59266980e-23
 4.86165140e+01 1.58678080e-23
 4.87267100e+01 1.58092270e-23
 4.88371560e+01 1.57509550e-23
 4.89478530e+01 1.56929900e-23
 4.90588000e+01 1.56353310e-23
 4.91699990e+01 1.55779760e-23
 4.92814500e+01 1.55209240e-23
 4.93931530e+01 1.54641740e-23
 4.95051100e+01 1.54077250e-23
 4.96173200e+01 1.53515750e-23
 4.97297850e+01 1.52957230e-23
 4.98425050e+01 1.52401680e-23
 4.99554800e+01 1.51849080e-23
 5.00687110e+01 1.51299420e-23
 5.01821990e+01 1.50752700e-23
 5.02959440e+01 1.50208890e-23
 5.04099470e+01 1.49667990e-23
 5.05242090e+01 1.49129980e-23
 5.06387290e+01 1.48594840e-23
 5.07535090e+01 1.48062580e-23
 5.08685490e+01 1.47533170e-23
 5.09838500e+01 1.47006610e-23
 5.10994120e+01 1.46482880e-23
 5.12152370e+01 1.45961960e-23
 5.13313230e+01 1.45443860e-23
 5.14476730e+01 1.44928540e-23
 5.15642870e+01 1.44416020e-23
 5.16811640e+01 1.43906260e-23
 5.17983070e+01 1.43399260e-23
 5.19157160e+01 1.42895010e-23
 5.20333900e+01 1.42393490e-23
 5.21513310e+01 1.41894700e-23
 5.22695400e+01 1.41398620e-23
 5.23880160e+01 1.40905250e-23
 5.25067610e+01 1.40414560e-23
 5.26257750e+01 1.39926540e-23
 5.27450590e+01 1.39441200e-23
 5.28646130e+01 1.38958510e-23
 5.29844390e+01 1.38478460e-23
 5.31045350e+01 1.38001050e-23
 5.32249040e+01 1.37526250e-23
 5.33455460e+01 1.37054060e-23
 5.34664620e+01 1.36584480e-23
 5.35876510e+01 1.36117480e-23
 5.37091150e+01 1.35653050e-23
 5.38308550e+01 1.35191190e-23
 5.39528700e+01 1.34731880e-23
 5.40751620e+01 1.34275120e-23
 5.41977310e+01 1.33820880e-23
 5.43205780e+01 1.33369170e-23
 5.44437030e+01 1.32919970e-23
 5.45671080e+01 1.32473260e-23
 5.46907920e+01 1.32029040e-23
 5.48147570e+01 1.31587300e-23
 5.49390020e+01 1.31148030e-23
 5.50635290e+01 1.30711210e-23
 5.51883390e+01 1.30276840e-23
 5.53134310e+01 1.29844900e-23
 5.54388070e+01 1.29415390e-23
 5.55644670e+01 1.28988280e-23
 5.56904120e+01 1.28563590e-23
 5.58166420e+01 1.28141280e-23
 5.59431580e+01 1.27721350e-23
 5.60699620e+01 1.27303800e-23
 5.61970520e+01 1.26888610e-23
 5.63244310e+01 1.26475770e-23
 5.64520980e+01 1.26065270e-23
 5.65800550e+01 1.25657090e-23
 5.67083020e+01 1.25251240e-23
 5.68368400e+01 1.24847700e-23
 5.69656680e+01 1.24446460e-23
 5.70947890e+01 1.24047510e-23
 5.72242030e+01 1.23650840e-23
 5.73539100e+01 1.23256430e-23
 5.74839110e+01 1.22864290e-23
 5.76142060e+01 1.22474390e-23
 5.77447970e+01 1.22086740e-23
 5.78756840e+01 1.21701310e-23
 5.80068670e+01 1.21318110e-23
 5.81383480e+01 1.20937110e-23
 5.82701270e+01 1.20558320e-23
 5.84022050e+01 1.20181710e-23
 5.85345820e+01 1.19807290e-23
 5.86672590e+01 1.19435030e-23
 5.88002370e+01 1.19064940e-23
 5.89335160e+01 1.18697000e-23
 5.90670970e+01 1.18331200e-23
 5.92009810e+01 1.17967530e-23
 5.93351690e+01 1.17605990e-23
 5.94696600e+01 1.17246560e-23
 5.96044570e+01 1.16889230e-23
 5.97395590e+01 1.16534000e-23
 5.98749670e+01 1.16180860e-23
 6.00106830e+01 1.15829790e-23
 6.01467050e+01 1.15480780e-23
 6.02830370e+01 1.15133840e-23
 6.04196770e+01 1.14788940e-23
 6.05566270e+01 1.14446080e-23
 6.06938870e+01 1.14105250e-23
 6.08314580e+01 1.13766430e-23
 6.09693420e+01 1.13429630e-23
 6.11075370e+01 1.13094840e-23
 6.12460460e+01 1.12762030e-23
 6.13848690e+01 1.12431210e-23
 6.15240070e+01 1.12102360e-23
 6.16634600e+01 1.11775480e-23
 6.18032290e+01 1.11450560e-23
 6.19433150e+01 1.11127580e-23
 6.20837180e+01 1.10806540e-23
 6.22244400e+01 1.10487440e-23
 6.23654810e+01 1.10170250e-23
 6.25068410e+01 1.09854980e-23
 6.26485220e+01 1.09541600e-23
 6.27905240e+01 1.09230130e-23
 6.29328470e+01 1.08920540e-23
 6.30754940e+01 1.08612820e-23
 6.32184630e+01 1.08306980e-23
 6.33617570e+01 1.08003000e-23
 6.35053760e+01 1.07700860e-23
 6.36493200e+01 1.07400570e-23
 6.37935900e+01 1.07102110e-23
 6.39381870e+01 1.06805480e-23
 6.40831130e+01 1.06510670e-23
 6.42283660e+01 1.06217660e-23
 6.43739490e+01 1.05926460e-23
 6.45198620e+01 1.05637040e-23
 6.46661050e+01 1.05349410e-23
 6.48126800e+01 1.05063550e-23
 6.49595880e+01 1.04779460e-23
 6.51068280e+01 1.04497130e-23
 6.52544020e+01 1.04216550e-23
 6.54023100e+01 1.03937710e-23
 6.55505540e+01 1.03660600e-23
 6.56991340e+01 1.03385210e-23
 6.58480500e+01 1.03111550e-23
 6.59973040e+01 1.02839590e-23
 6.61468970e+01 1.02569330e-23
 6.62968280e+01 1.02300770e-23
 6.64470990e+01 1.02033880e-23
 6.65977110e+01 1.01768680e-23
 6.67486650e+01 1.01505140e-23
 6.68999600e+01 1.01243260e-23
 6.70515990e+01 1.00983040e-23
 6.72035810e+01 1.00724460e-23
 6.73559070e+01 1.00467510e-23
 6.75085790e+01 1.00212190e-23
 6.76615970e+01 9.99584960e-24
 6.78149620e+01 9.97064110e-24
 6.79686740e+01 9.94559310e-24
 6.81227350e+01 9.92070470e-24
 6.82771450e+01 9.89597520e-24
 6.84319050e+01 9.87140380e-24
 6.85870150e+01 9.84698970e-24
 6.87424780e+01 9.82273220e-24
 6.88982920e+01 9.79863040e-24
 6.90544600e+01 9.77468370e-24
 6.92109820e+01 9.75089120e-24
 6.93678590e+01 9.72725220e-24
 6.95250910e+01 9.70376600e-24
 6.96826800e+01 9.68043170e-24
 6.98406260e+01 9.65724860e-24
 6.99989290e+01 9.63421600e-24
 7.01575920e+01 9.61133310e-24
 7.03166140e+01 9.58859920e-24
 7.04759970e+01 9.56601340e-24
 7.06357410e+01 9.54357520e-24
 7.07958470e+01 9.52128360e-24
 7.09563160e+01 9.49913810e-24
 7.11171490e+01 9.47713780e-24
 7.12783460e+01 9.45528200e-24
 7.14399080e+01 9.43357000e-24
 7.16018370e+01 9.41200110e-24
 7.17641330e+01 9.39057450e-24
 7.19267970e+01 9.36928950e-24
 7.20898290e+01 9.34814540e-24
 7.22532310e+01 9.32714140e-24
 7.24170040e+01 9.30627690e-24
 7.25811470e+01 9.28555120e-24
 7.27456630e+01 9.26496340e-24
 7.29105510e+01 9.24451290e-24
 7.30758130e+01 9.22419910e-24
 7.32414500e+01 9.20402110e-24
 7.34074630e+01 9.18397830e-24
 7.35738510e+01 9.16407010e-24
 7.37406170e+01 9.14429550e-24
 7.39077610e+01 9.12465410e-24
 7.40752830e+01 9.10514510e-24
 7.42431850e+01 9.08576780e-24
 7.44114680e+01 9.06652150e-24
 7.45801330e+01 9.04740560e-24
 7.47491790e+01 9.02841920e-24
 7.49186090e+01 9.00956190e-24
 7.50884230e+01 8.99083280e-24
 7.52586210e+01 8.97223140e-24
 7.54292060e+01 8.95375680e-24
 7.56001770e+01 8.93540850e-24
 7.57715360e+01 8.91718580e-24
 7.59432830e+01 8.89908810e-24
 7.61154190e+01 8.88111450e-24
 7.62879460e+01 8.86326460e-24
 7.64608630e+01 8.84553760e-24
 7.66341730e+01 8.82793280e-24
 7.68078750e+01 8.81044970e-24
 7.69819710e+01 8.79308750e-24
 7.71564620e+01 8.77584560e-24
 7.73313480e+01 8.75872340e-24
 7.75066310e+01 8.74172020e-24
 7.76823110e+01 8.72483530e-24
 7.78583890e+01 8.70806820e-24
 7.80348660e+01 8.69141810e-24
 7.82117430e+01 8.67488450e-24
 7.83890210e+01 8.65846670e-24
 7.85667010e+01 8.64216410e-24
 7.87447840e+01 8.62597600e-24
 7.89232710e+01 8.60990180e-24
 7.91021610e+01 8.59394090e-24
 7.92814580e+01 8.57809270e-24
 7.94611610e+01 8.56235650e-24
 7.96412710e+01 8.54673170e-24
 7.98217890e+01 8.53121770e-24
 8.00027170e+01 8.51581400e-24
 8.01840540e+01 8.50051980e-24
 8.03658030e+01 8.48533460e-24
 8.05479640e+01 8.47025770e-24
 8.07305370e+01 8.45528860e-24
 8.09135250e+01 8.44042660e-24
 8.10969270e+01 8.42567120e-24
 8.12807450e+01 8.41102180e-24
 8.14649790e+01 8.39647770e-24
 8.16496310e+01 8.38203840e-24
 8.18347020e+01 8.36770330e-24
 8.20201920e+01 8.35347170e-24
 8.22061030e+01 8.33934320e-24
 8.23924340e+01 8.32531700e-24
 8.25791890e+01 8.31139270e-24
 8.27663660e+01 8.29756970e-24
 8.29539680e+01 8.28384730e-24
 8.31419950e+01 8.27022510e-24
 8.33304490e+01 8.25670230e-24
 8.35193290e+01 8.24327860e-24
 8.37086380e+01 8.22995320e-24
 8.38983750e+01 8.21672570e-24
 8.40885430e+01 8.20359540e-24
 8.42791420e+01 8.19056190e-24
 8.44701730e+01 8.17762440e-24
 8.46616360e+01 8.16478260e-24
 8.48535340e+01 8.15203590e-24
 8.50458670e+01 8.13938360e-24
 8.52386360e+01 8.12682520e-24
 8.54318410e+01 8.11436030e-24
 8.56254850e+01 8.10198820e-24
 8.58195670e+01 8.08970840e-24
 8.60140900e+01 8.07752040e-24
 8.62090530e+01 8.06542360e-24
 8.64044580e+01 8.05341760e-24
 8.66003060e+01 8.04150170e-24
 8.67965980e+01 8.02967540e-24
 8.69933350e+01 8.01793830e-24
 8.71905180e+01 8.00628970e-24
 8.73881480e+01 7.99472920e-24
 8.75862260e+01 7.98325630e-24
 8.77847530e+01 7.97187040e-24
 8.79837290e+01 7.96057100e-24
 8.81831570e+01 7.94935760e-24
 8.83830370e+01 7.93822970e-24
 8.85833700e+01 7.92718680e-24
 8.87841570e+01 7.91622830e-24
 8.89853990e+01 7.90535380e-24
 8.91870970e+01 7.89456290e-24
 8.93892520e+01 7.88385480e-24
 8.95918660e+01 7.87322930e-24
 8.97949390e+01 7.86268570e-24
 8.99984720e+01 7.85222370e-24
 9.02024660e+01 7.84184260e-24
 9.04069230e+01 7.83154200e-24
 9.06118430e+01 7.82132150e-24
 9.08172280e+01 7.81118060e-24
 9.10230790e+01 7.80111870e-24
 9.12293950e+01 7.79113540e-24
 9.14361800e+01 7.78123020e-24
 9.16434330e+01 7.77140270e-24
 9.18511560e+01 7.76165230e-24
 9.20593500e+01 7.75197870e-24
 9.22680160e+01 7.74238130e-24
 9.24771550e+01 7.73285960e-24
 9.26867670e+01 7.72341330e-24
 9.28968550e+01 7.71404190e-24
 9.31074190e+01 7.70474480e-24
 9.33184610e+01 7.69552180e-24
 9.35299800e+01 7.68637220e-24
 9.37419790e+01 7.67729560e-24
 9.39544590e+01 7.66829170e-24
 9.41674200e+01 7.65935990e-24
 9.43808640e+01 7.65049990e-24
 9.45947920e+01 7.64171110e-24
 9.48092050e+01 7.63299320e-24
 9.50241040e+01 7.62434560e-24
 9.52394890e+01 7.61576810e-24
 9.54553630e+01 7.60726010e-24
 9.56717270e+01 7.59882120e-24
 9.58885800e+01 7.59045100e-24
 9.61059260e+01 7.58214910e-24
 9.63237640e+01 7.57391500e-24
 9.65420950e+01 7.56574830e-24
 9.67609220e+01 7.55764860e-24
 9.69802440e+01 7.54961560e-24
 9.72000640e+01 7.54164870e-24
 9.74203820e+01 7.53374760e-24
 9.76411990e+01 7.52591190e-24
 9.78625170e+01 7.51814110e-24
 9.80843360e+01 7.51043490e-24
 9.83066590e+01 7.50279290e-24
 9.85294850e+01 7.49521460e-24
 9.87528160e+01 7.48769970e-24
 9.89766530e+01 7.48024770e-24
 9.92009980e+01 7.47285840e-24
 9.94258520e+01 7.46553120e-24
 9.96512150e+01 7.45826580e-24
 9.98770880e+01 7.45106190e-24
 1.00103470e+02 7.44391900e-24
 1.00330370e+02 7.43683670e-24
 1.00557790e+02 7.42981480e-24
 1.00785710e+02 7.42285270e-24
 1.01014160e+02 7.41595020e-24
 1.01243120e+02 7.40910690e-24
 1.01472610e+02 7.40232230e-24
 1.01702610e+02 7.39559620e-24
 1.01933130e+02 7.38892810e-24
 1.02164180e+02 7.38231770e-24
 1.02395750e+02 7.37576470e-24
 1.02627840e+02 7.36926860e-24
 1.02860460e+02 7.36282920e-24
 1.03093610e+02 7.35644610e-24
 1.03327290e+02 7.35011890e-24
 1.03561490e+02 7.34384720e-24
 1.03796230e+02 7.33763080e-24
 1.04031500e+02 7.33146930e-24
 1.04267300e+02 7.32536230e-24
 1.04503640e+02 7.31930950e-24
 1.04740510e+02 7.31331060e-24
 1.04977920e+02 7.30736520e-24
 1.05215870e+02 7.30147300e-24
 1.05454350e+02 7.29563370e-24
 1.05693380e+02 7.28984690e-24
 1.05932950e+02 7.28411230e-24
 1.06173060e+02 7.27842950e-24
 1.06413720e+02 7.27279840e-24
 1.06654920e+02 7.26721850e-24
 1.06896670e+02 7.26168940e-24
 1.07138970e+02 7.25621100e-24
 1.07381810e+02 7.25078290e-24
 1.07625210e+02 7.24540480e-24
 1.07869160e+02 7.24007630e-24
 1.08113660e+02 7.23479720e-24
 1.08358710e+02 7.22956710e-24
 1.08604320e+02 7.22438580e-24
 1.08850490e+02 7.21925290e-24
 1.09097220e+02 7.21416810e-24
 1.09344500e+02 7.20913120e-24
 1.09592350e+02 7.20414190e-24
 1.09840750e+02 7.19919970e-24
 1.10089720e+02 7.19430460e-24
 1.10339260e+02 7.18945610e-24
 1.10589360e+02 7.18465400e-24
 1.10840020e+02 7.17989810e-24
 1.11091260e+02 7.17518790e-24
 1.11343060e+02 7.17052320e-24
 1.11595440e+02 7.16590380e-24
 1.11848390e+02 7.16132940e-24
 1.12101910e+02 7.15679970e-24
 1.12356000e+02 7.15231440e-24
 1.12610670e+02 7.14787320e-24
 1.12865920e+02 7.14347600e-24
 1.13121750e+02 7.13912230e-24
 1.13378150e+02 7.13481200e-24
 1.13635140e+02 7.13054480e-24
 1.13892710e+02 7.12632040e-24
 1.14150870e+02 7.12213850e-24
 1.14409610e+02 7.11799890e-24
 1.14668930e+02 7.11390140e-24
 1.14928850e+02 7.10984570e-24
 1.15189350e+02 7.10583150e-24
 1.15450440e+02 7.10185860e-24
 1.15712130e+02 7.09792670e-24
 1.15974400e+02 7.09403570e-24
 1.16237280e+02 7.09018510e-24
 1.16500750e+02 7.08637490e-24
 1.16764810e+02 7.08260470e-24
 1.17029480e+02 7.07887430e-24
 1.17294740e+02 7.07518350e-24
 1.17560600e+02 7.07153200e-24
 1.17827070e+02 7.06791970e-24
 1.18094140e+02 7.06434620e-24
 1.18361820e+02 7.06081140e-24
 1.18630110e+02 7.05731500e-24
 1.18899000e+02 7.05385670e-24
 1.19168500e+02 7.05043640e-24
 1.19438610e+02 7.04705390e-24
 1.19709340e+02 7.04370890e-24
 1.19980680e+02 7.04040110e-24
 1.20252630e+02 7.03713040e-24
 1.20525200e+02 7.03389660e-24
 1.20798390e+02 7.03069950e-24
 1.21072190e+02 7.02753870e-24
 1.21346620e+02 7.02441420e-24
 1.21621670e+02 7.02132570e-24
 1.21897340e+02 7.01827300e-24
 1.22173640e+02 7.01525580e-24
 1.22450570e+02 7.01227410e-24
 1.22728120e+02 7.00932750e-24
 1.23006300e+02 7.00641590e-24
 1.23285110e+02 7.00353910e-24
 1.23564550e+02 7.00069690e-24
 1.23844630e+02 6.99788910e-24
 1.24125340e+02 6.99511540e-24
 1.24406690e+02 6.99237580e-24
 1.24688680e+02 6.98966990e-24
 1.24971300e+02 6.98699770e-24
 1.25254570e+02 6.98435890e-24
 1.25538470e+02 6.98175330e-24
 1.25823020e+02 6.97918080e-24
 1.26108220e+02 6.97664110e-24
 1.26394060e+02 6.97413410e-24
 1.26680550e+02 6.97165970e-24
 1.26967690e+02 6.96921750e-24
 1.27255480e+02 6.96680750e-24
 1.27543930e+02 6.96442950e-24
 1.27833020e+02 6.96208330e-24
 1.28122770e+02 6.95976870e-24
 1.28413180e+02 6.95748550e-24
 1.28704250e+02 6.95523360e-24
 1.28995980e+02 6.95301290e-24
 1.29288360e+02 6.95082300e-24
 1.29581420e+02 6.94866400e-24
 1.29875130e+02 6.94653560e-24
 1.30169510e+02 6.94443760e-24
 1.30464560e+02 6.94236990e-24
 1.30760280e+02 6.94033230e-24
 1.31056660e+02 6.93832470e-24
 1.31353720e+02 6.93634700e-24
 1.31651450e+02 6.93439880e-24
 1.31949860e+02 6.93248020e-24
 1.32248940e+02 6.93059100e-24
 1.32548700e+02 6.92873090e-24
 1.32849150e+02 6.92689990e-24
 1.33150270e+02 6.92509780e-24
 1.33452070e+02 6.92332440e-24
 1.33754560e+02 6.92157970e-24
 1.34057730e+02 6.91986340e-24
 1.34361590e+02 6.91817540e-24
 1.34666140e+02 6.91651570e-24
 1.34971380e+02 6.91488390e-24
 1.35277320e+02 6.91328010e-24
 1.35583940e+02 6.91170400e-24
 1.35891260e+02 6.91015550e-24
 1.36199280e+02 6.90863460e-24
 1.36508000e+02 6.90714090e-24
 1.36817410e+02 6.90567460e-24
 1.37127530e+02 6.90423530e-24
 1.37438350e+02 6.90282290e-24
 1.37749870e+02 6.90143740e-24
 1.38062100e+02 6.90007860e-24
 1.38375040e+02 6.89874640e-24
 1.38688680e+02 6.89744070e-24
 1.39003040e+02 6.89616120e-24
 1.39318110e+02 6.89490800e-24
 1.39633900e+02 6.89368090e-24
 1.39950400e+02 6.89247970e-24
 1.40267610e+02 6.89130440e-24
 1.40585550e+02 6.89015490e-24
 1.40904210e+02 6.88903090e-24
 1.41223590e+02 6.88793240e-24
 1.41543690e+02 6.88685940e-24
 1.41864520e+02 6.88581160e-24
 1.42186080e+02 6.88478890e-24
 1.42508360e+02 6.88379140e-24
 1.42831380e+02 6.88281870e-24
 1.43155130e+02 6.88187090e-24
 1.43479610e+02 6.88094790e-24
 1.43804820e+02 6.88004940e-24
 1.44130780e+02 6.87917550e-24
 1.44457470e+02 6.87832600e-24
 1.44784910e+02 6.87750080e-24
 1.45113080e+02 6.87669980e-24
 1.45442000e+02 6.87592290e-24
 1.45771670e+02 6.87517000e-24
 1.46102080e+02 6.87444110e-24
 1.46433240e+02 6.87373600e-24
 1.46765150e+02 6.87305460e-24
 1.47097820e+02 6.87239680e-24
 1.47431230e+02 6.87176250e-24
 1.47765410e+02 6.87115170e-24
 1.48100340e+02 6.87056430e-24
 1.48436030e+02 6.87000010e-24
 1.48772480e+02 6.86945910e-24
 1.49109700e+02 6.86894110e-24
 1.49447680e+02 6.86844620e-24
 1.49786420e+02 6.86797420e-24
 1.50125930e+02 6.86752500e-24
 1.50466210e+02 6.86709850e-24
 1.50807270e+02 6.86669470e-24
 1.51149090e+02 6.86631350e-24
 1.51491700e+02 6.86595480e-24
 1.51835070e+02 6.86561840e-24
 1.52179230e+02 6.86530450e-24
 1.52524170e+02 6.86501270e-24
 1.52869880e+02 6.86474320e-24
 1.53216380e+02 6.86449570e-24
 1.53563670e+02 6.86427030e-24
 1.53911750e+02 6.86406690e-24
 1.54260610e+02 6.86388530e-24
 1.54610260e+02 6.86372550e-24
 1.54960710e+02 6.86358750e-24
 1.55311950e+02 6.86347110e-24
 1.55663990e+02 6.86337640e-24
 1.56016820e+02 6.86330320e-24
 1.56370460e+02 6.86325140e-24
 1.56724890e+02 6.86322100e-24
 1.57080130e+02 6.86321200e-24
 1.57436180e+02 6.86322420e-24
 1.57793030e+02 6.86325760e-24
 1.58150690e+02 6.86331220e-24
 1.58509160e+02 6.86338780e-24
 1.58868440e+02 6.86348440e-24
 1.59228540e+02 6.86360200e-24
 1.59589460e+02 6.86374050e-24
 1.59951190e+02 6.86389990e-24
 1.60313740e+02 6.86408000e-24
 1.60677120e+02 6.86428080e-24
 1.61041310e+02 6.86450230e-24
 1.61406340e+02 6.86474440e-24
 1.61772190e+02 6.86500700e-24
 1.62138870e+02 6.86529020e-24
 1.62506380e+02 6.86559380e-24
 1.62874720e+02 6.86591780e-24
 1.63243900e+02 6.86626210e-24
 1.63613920e+02 6.86662670e-24
 1.63984770e+02 6.86701160e-24
 1.64356470e+02 6.86741670e-24
 1.64729000e+02 6.86784190e-24
 1.65102390e+02 6.86828720e-24
 1.65476610e+02 6.86875260e-24
 1.65851690e+02 6.86923800e-24
 1.66227620e+02 6.86974330e-24
 1.66604400e+02 6.87026860e-24
 1.66982030e+02 6.87081370e-24
 1.67360520e+02 6.87137870e-24
 1.67739860e+02 6.87196350e-24
 1.68120070e+02 6.87256800e-24
 1.68501140e+02 6.87319220e-24
 1.68883070e+02 6.87383610e-24
 1.69265870e+02 6.87449960e-24
 1.69649530e+02 6.87518280e-24
 1.70034070e+02 6.87588550e-24
 1.70419480e+02 6.87660770e-24
 1.70805760e+02 6.87734930e-24
 1.71192910e+02 6.87811050e-24
 1.71580950e+02 6.87889100e-24
 1.71969860e+02 6.87969100e-24
 1.72359650e+02 6.88051030e-24
 1.72750330e+02 6.88134890e-24
 1.73141890e+02 6.88220680e-24
 1.73534350e+02 6.88308390e-24
 1.73927690e+02 6.88398030e-24
 1.74321920e+02 6.88489580e-24
 1.74717040e+02 6.88583050e-24
 1.75113060e+02 6.88678440e-24
 1.75509980e+02 6.88775740e-24
 1.75907800e+02 6.88874940e-24
 1.76306520e+02 6.88976060e-24
 1.76706150e+02 6.89079070e-24
 1.77106680e+02 6.89183990e-24
 1.77508110e+02 6.89290800e-24
 1.77910460e+02 6.89399510e-24
 1.78313720e+02 6.89510110e-24
 1.78717900e+02 6.89622610e-24
 1.79122990e+02 6.89736990e-24
 1.79528990e+02 6.89853260e-24
 1.79935920e+02 6.89971420e-24
 1.80343770e+02 6.90091460e-24
 1.80752550e+02 6.90213380e-24
 1.81162250e+02 6.90337180e-24
 1.81572880e+02 6.90462860e-24
 1.81984440e+02 6.90590410e-24
 1.82396930e+02 6.90719840e-24
 1.82810360e+02 6.90851140e-24
 1.83224730e+02 6.90984310e-24
 1.83640030e+02 6.91119350e-24
 1.84056280e+02 6.91256260e-24
 1.84473470e+02 6.91395040e-24
 1.84891610e+02 6.91535680e-24
 1.85310690e+02 6.91678190e-24
 1.85730720e+02 6.91822560e-24
 1.86151710e+02 6.91968790e-24
 1.86573650e+02 6.92116880e-24
 1.86996540e+02 6.92266830e-24
 1.87420400e+02 6.92418640e-24
 1.87845210e+02 6.92572310e-24
 1.88270990e+02 6.92727840e-24
 1.88697740e+02 6.92885220e-24
 1.89125450e+02 6.93044460e-24
 1.89554130e+02 6.93205560e-24
 1.89983780e+02 6.93368510e-24
 1.90414400e+02 6.93533310e-24
 1.90846000e+02 6.93699960e-24
 1.91278580e+02 6.93868470e-24
 1.91712140e+02 6.94038830e-24
 1.92146690e+02 6.94211050e-24
 1.92582220e+02 6.94385110e-24
 1.93018730e+02 6.94561030e-24
 1.93456240e+02 6.94738800e-24
 1.93894730e+02 6.94918420e-24
 1.94334220e+02 6.95099890e-24
 1.94774710e+02 6.95283210e-24
 1.95216190e+02 6.95468380e-24
 1.95658680e+02 6.95655400e-24
 1.96102170e+02 6.95844280e-24
 1.96546660e+02 6.96035000e-24
 1.96992160e+02 6.96227580e-24
 1.97438670e+02 6.96422010e-24
 1.97886200e+02 6.96618290e-24
 1.98334730e+02 6.96816430e-24
 1.98784290e+02 6.97016410e-24
 1.99234860e+02 6.97218250e-24
 1.99686460e+02 6.97421950e-24
 2.00139070e+02 6.97627500e-24
 2.00592720e+02 6.97834900e-24
 2.01047390e+02 6.98044160e-24
 2.01503090e+02 6.98255280e-24
 2.01959830e+02 6.98468250e-24
 2.02417600e+02 6.98683080e-24
 2.02876410e+02 6.98899770e-24
 2.03336260e+02 6.99118320e-24
 2.03797150e+02 6.99338730e-24
 2.04259080e+02 6.99561000e-24
 2.04722070e+02 6.99785130e-24
 2.05186100e+02 7.00011130e-24
 2.05651180e+02 7.00238990e-24
 2.06117320e+02 7.00468720e-24
 2.06584510e+02 7.00700320e-24
 2.07052770e+02 7.00933780e-24
 2.07522080e+02 7.01169110e-24
 2.07992460e+02 7.01406320e-24
 2.08463910e+02 7.01645390e-24
 2.08936420e+02 7.01886340e-24
 2.09410000e+02 7.02129170e-24
 2.09884660e+02 7.02373870e-24
 2.10360400e+02 7.02620450e-24
 2.10837210e+02 7.02868910e-24
 2.11315100e+02 7.03119250e-24
 2.11794080e+02 7.03371470e-24
 2.12274140e+02 7.03625580e-24
 2.12755290e+02 7.03881580e-24
 2.13237530e+02 7.04139460e-24
 2.13720860e+02 7.04399230e-24
 2.14205290e+02 7.04660900e-24
 2.14690820e+02 7.04924460e-24
 2.15177450e+02 7.05189910e-24
 2.15665180e+02 7.05457260e-24
 2.16154010e+02 7.05726520e-24
 2.16643960e+02 7.05997670e-24
 2.17135010e+02 7.06270730e-24
 2.17627180e+02 7.06545690e-24
 2.18120460e+02 7.06822570e-24
 2.18614860e+02 7.07101350e-24
 2.19110390e+02 7.07382050e-24
 2.19607030e+02 7.07664660e-24
 2.20104800e+02 7.07949190e-24
 2.20603700e+02 7.08235640e-24
 2.21103730e+02 7.08524010e-24
 2.21604890e+02 7.08814300e-24
 2.22107190e+02 7.09106530e-24
 2.22610630e+02 7.09400680e-24
 2.23115210e+02 7.09696760e-24
 2.23620930e+02 7.09994780e-24
 2.24127800e+02 7.10294740e-24
 2.24635820e+02 7.10596640e-24
 2.25144990e+02 7.10900480e-24
 2.25655310e+02 7.11206270e-24
 2.26166790e+02 7.11514000e-24
 2.26679430e+02 7.11823690e-24
 2.27193230e+02 7.12135330e-24
 2.27708200e+02 7.12448930e-24
 2.28224330e+02 7.12764480e-24
 2.28741640e+02 7.13082000e-24
 2.29260110e+02 7.13401490e-24
 2.29779760e+02 7.13722950e-24
 2.30300590e+02 7.14046370e-24
 2.30822600e+02 7.14371780e-24
 2.31345800e+02 7.14699160e-24
 2.31870170e+02 7.15028520e-24
 2.32395740e+02 7.15359860e-24
 2.32922500e+02 7.15693200e-24
 2.33450450e+02 7.16028520e-24
 2.33979600e+02 7.16365840e-24
 2.34509950e+02 7.16705160e-24
 2.35041500e+02 7.17046480e-24
 2.35574250e+02 7.17389800e-24
 2.36108220e+02 7.17735140e-24
 2.36643390e+02 7.18082480e-24
 2.37179780e+02 7.18431840e-24
 2.37717380e+02 7.18783210e-24
 2.38256200e+02 7.19136610e-24
 2.38796240e+02 7.19492030e-24
 2.39337510e+02 7.19849490e-24
 2.39880000e+02 7.20208970e-24
 2.40423720e+02 7.20570490e-24
 2.40968680e+02 7.20934060e-24
 2.41514870e+02 7.21299660e-24
 2.42062300e+02 7.21667320e-24
 2.42610970e+02 7.22037020e-24
 2.43160880e+02 7.22408780e-24
 2.43712040e+02 7.22782600e-24
 2.44264450e+02 7.23158490e-24
 2.44818110e+02 7.23536440e-24
 2.45373020e+02 7.23916460e-24
 2.45929190e+02 7.24298550e-24
 2.46486630e+02 7.24682730e-24
 2.47045330e+02 7.25068990e-24
 2.47605290e+02 7.25457340e-24
 2.48166520e+02 7.25847770e-24
 2.48729030e+02 7.26240310e-24
 2.49292810e+02 7.26634940e-24
 2.49857870e+02 7.27031680e-24
 2.50424200e+02 7.27430520e-24
 2.50991830e+02 7.27831480e-24
 2.51560740e+02 7.28234550e-24
 2.52130930e+02 7.28639740e-24
 2.52702430e+02 7.29047060e-24
 2.53275210e+02 7.29456510e-24
 2.53849300e+02 7.29868100e-24
 2.54424680e+02 7.30281820e-24
 2.55001370e+02 7.30697680e-24
 2.55579370e+02 7.31115700e-24
 2.56158680e+02 7.31535860e-24
 2.56739300e+02 7.31958180e-24
 2.57321230e+02 7.32382660e-24
 2.57904490e+02 7.32809310e-24
 2.58489070e+02 7.33238120e-24
 2.59074970e+02 7.33669120e-24
 2.59662200e+02 7.34102290e-24
 2.60250760e+02 7.34537640e-24
 2.60840660e+02 7.34975190e-24
 2.61431890e+02 7.35414930e-24
 2.62024460e+02 7.35856860e-24
 2.62618380e+02 7.36301000e-24
 2.63213640e+02 7.36747350e-24
 2.63810250e+02 7.37195910e-24
 2.64408220e+02 7.37646690e-24
 2.65007540e+02 7.38099690e-24
 2.65608210e+02 7.38554920e-24
 2.66210250e+02 7.39012380e-24
 2.66813660e+02 7.39472080e-24
 2.67418430e+02 7.39934020e-24
 2.68024570e+02 7.40398210e-24
 2.68632090e+02 7.40864650e-24
 2.69240980e+02 7.41333350e-24
 2.69851250e+02 7.41804310e-24
 2.70462910e+02 7.42277540e-24
 2.71075950e+02 7.42753040e-24
 2.71690390e+02 7.43230830e-24
 2.72306210e+02 7.43710890e-24
 2.72923430e+02 7.44193250e-24
 2.73542050e+02 7.44677890e-24
 2.74162080e+02 7.45164840e-24
 2.74783500e+02 7.45654090e-24
 2.75406340e+02 7.46145650e-24
 2.76030590e+02 7.46639530e-24
 2.76656250e+02 7.47135730e-24
 2.77283330e+02 7.47634250e-24
 2.77911830e+02 7.48135110e-24
 2.78541760e+02 7.48638300e-24
 2.79173120e+02 7.49143830e-24
 2.79805900e+02 7.49651720e-24
 2.80440120e+02 7.50161950e-24
 2.81075780e+02 7.50674550e-24
 2.81712880e+02 7.51189510e-24
 2.82351420e+02 7.51706830e-24
 2.82991410e+02 7.52226540e-24
 2.83632850e+02 7.52748630e-24
 2.84275750e+02 7.53273100e-24
 2.84920100e+02 7.53799960e-24
 2.85565910e+02 7.54329230e-24
 2.86213190e+02 7.54860900e-24
 2.86861930e+02 7.55394970e-24
 2.87512140e+02 7.55931470e-24
 2.88163830e+02 7.56470380e-24
 2.88817000e+02 7.57011720e-24
 2.89471640e+02 7.57555500e-24
 2.90127770e+02 7.58101710e-24
 2.90785390e+02 7.58650370e-24
 2.91444490e+02 7.59201480e-24
 2.92105100e+02 7.59755050e-24
 2.92767190e+02 7.60311070e-24
 2.93430790e+02 7.60869570e-24
 2.94095900e+02 7.61430540e-24
 2.94762510e+02 7.61993990e-24
 2.95430630e+02 7.62559930e-24
 2.96100260e+02 7.63128360e-24
 2.96771420e+02 7.63699290e-24
 2.97444090e+02 7.64272720e-24
 2.98118290e+02 7.64848670e-24
 2.98794020e+02 7.65427130e-24
 2.99471280e+02 7.66008110e-24
 3.00150070e+02 7.66591630e-24
 3.00830410e+02 7.67177670e-24
 3.01512280e+02 7.67766260e-24
 3.02195700e+02 7.68357400e-24
 3.02880670e+02 7.68951090e-24
 3.03567200e+02 7.69547350e-24
 3.04255280e+02 7.70146170e-24
 3.04944910e+02 7.70747560e-24
 3.05636120e+02 7.71351530e-24
 3.06328880e+02 7.71958090e-24
 3.07023220e+02 7.72567240e-24
 3.07719130e+02 7.73178980e-24
 3.08416620e+02 7.73793340e-24
 3.09115690e+02 7.74410300e-24
 3.09816350e+02 7.75029880e-24
 3.10518590e+02 7.75652090e-24
 3.11222430e+02 7.76276920e-24
 3.11927860e+02 7.76904390e-24
 3.12634890e+02 7.77534510e-24
 3.13343520e+02 7.78167280e-24
 3.14053760e+02 7.78802700e-24
 3.14765610e+02 7.79440790e-24
 3.15479070e+02 7.80081550e-24
 3.16194150e+02 7.80724980e-24
 3.16910850e+02 7.81371100e-24
 3.17629170e+02 7.82019910e-24
 3.18349120e+02 7.82671410e-24
 3.19070710e+02 7.83325620e-24
 3.19793930e+02 7.83982540e-24
 3.20518780e+02 7.84642170e-24
 3.21245290e+02 7.85304530e-24
 3.21973430e+02 7.85969620e-24
 3.22703230e+02 7.86637440e-24
 3.23434690e+02 7.87308010e-24
 3.24167800e+02 7.87981330e-24
 3.24902570e+02 7.88657410e-24
 3.25639010e+02 7.89336250e-24
 3.26377120e+02 7.90017870e-24
 3.27116900e+02 7.90702260e-24
 3.27858350e+02 7.91389440e-24
 3.28601490e+02 7.92079410e-24
 3.29346320e+02 7.92772180e-24
 3.30092830e+02 7.93467750e-24
 3.30841030e+02 7.94166140e-24
 3.31590930e+02 7.94867350e-24
 3.32342530e+02 7.95571380e-24
 3.33095830e+02 7.96278250e-24
 3.33850840e+02 7.96987960e-24
 3.34607560e+02 7.97700520e-24
 3.35366000e+02 7.98415930e-24
 3.36126150e+02 7.99134210e-24
 3.36888030e+02 7.99855360e-24
 3.37651630e+02 8.00579380e-24
 3.38416970e+02 8.01306290e-24
 3.39184040e+02 8.02036090e-24
 3.39952850e+02 8.02768790e-24
 3.40723400e+02 8.03504390e-24
 3.41495700e+02 8.04242900e-24
 3.42269750e+02 8.04984340e-24
 3.43045550e+02 8.05728700e-24
 3.43823120e+02 8.06476000e-24
 3.44602440e+02 8.07226240e-24
 3.45383530e+02 8.07979430e-24
 3.46166390e+02 8.08735580e-24
 3.46951030e+02 8.09494690e-24
 3.47737440e+02 8.10256770e-24
 3.48525640e+02 8.11021830e-24
 3.49315620e+02 8.11789870e-24
 3.50107400e+02 8.12560910e-24
 3.50900970e+02 8.13334950e-24
 3.51696330e+02 8.14112000e-24
 3.52493500e+02 8.14892070e-24
 3.53292480e+02 8.15675160e-24
 3.54093270e+02 8.16461280e-24
 3.54895870e+02 8.17250440e-24
 3.55700290e+02 8.18042640e-24
 3.56506540e+02 8.18837900e-24
 3.57314610e+02 8.19636220e-24
 3.58124520e+02 8.20437610e-24
 3.58936260e+02 8.21242080e-24
 3.59749840e+02 8.22049620e-24
 3.60565260e+02 8.22860270e-24
 3.61382540e+02 8.23674010e-24
 3.62201660e+02 8.24490850e-24
 3.63022650e+02 8.25310820e-24
 3.63845490e+02 8.26133900e-24
 3.64670200e+02 8.26960110e-24
 3.65496770e+02 8.27789470e-24
 3.66325220e+02 8.28621970e-24
 3.67155550e+02 8.29457620e-24
 3.67987760e+02 8.30296430e-24
 3.68821860e+02 8.31138410e-24
 3.69657850e+02 8.31983570e-24
 3.70495730e+02 8.32831910e-24
 3.71335510e+02 8.33683450e-24
 3.72177200e+02 8.34538190e-24
 3.73020790e+02 8.35396130e-24
 3.73866300e+02 8.36257290e-24
 3.74713720e+02 8.37121680e-24
 3.75563060e+02 8.37989300e-24
 3.76414330e+02 8.38860150e-24
 3.77267530e+02 8.39734260e-24
 3.78122660e+02 8.40611620e-24
 3.78979730e+02 8.41492240e-24
 3.79838740e+02 8.42376140e-24
 3.80699700e+02 8.43263320e-24
 3.81562610e+02 8.44153780e-24
 3.82427470e+02 8.45047550e-24
 3.83294300e+02 8.45944610e-24
 3.84163090e+02 8.46844990e-24
 3.85033850e+02 8.47748690e-24
 3.85906590e+02 8.48655720e-24
 3.86781300e+02 8.49566080e-24
 3.87658000e+02 8.50479790e-24
 3.88536680e+02 8.51396850e-24
 3.89417350e+02 8.52317280e-24
 3.90300020e+02 8.53241070e-24
 3.91184700e+02 8.54168240e-24
 3.92071370e+02 8.55098800e-24
 3.92960060e+02 8.56032750e-24
 3.93850760e+02 8.56970100e-24
 3.94743480e+02 8.57910870e-24
 3.95638220e+02 8.58855050e-24
 3.96534990e+02 8.59802660e-24
 3.97433790e+02 8.60753710e-24
 3.98334640e+02 8.61708200e-24
 3.99237520e+02 8.62666150e-24
 4.00142450e+02 8.63627560e-24
 4.01049430e+02 8.64592430e-24
 4.01958460e+02 8.65560790e-24
 4.02869560e+02 8.66532630e-24
 4.03782720e+02 8.67507970e-24
 4.04697950e+02 8.68486810e-24
 4.05615260e+02 8.69469160e-24
 4.06534650e+02 8.70455030e-24
 4.07456110e+02 8.71444440e-24
 4.08379670e+02 8.72437380e-24
 4.09305320e+02 8.73433870e-24
 4.10233070e+02 8.74433910e-24
 4.11162930e+02 8.75437520e-24
 4.12094890e+02 8.76444700e-24
 4.13028960e+02 8.77455460e-24
 4.13965150e+02 8.78469820e-24
 4.14903460e+02 8.79487770e-24
 4.15843900e+02 8.80509330e-24
 4.16786470e+02 8.81534510e-24
 4.17731170e+02 8.82563320e-24
 4.18678020e+02 8.83595760e-24
 4.19627010e+02 8.84631840e-24
 4.20578160e+02 8.85671580e-24
 4.21531460e+02 8.86714980e-24
 4.22486920e+02 8.87762060e-24
 4.23444550e+02 8.88812810e-24
 4.24404350e+02 8.89867260e-24
 4.25366320e+02 8.90925400e-24
 4.26330470e+02 8.91987260e-24
 4.27296810e+02 8.93052830e-24
 4.28265340e+02 8.94122130e-24
 4.29236070e+02 8.95195180e-24
 4.30208990e+02 8.96271970e-24
 4.31184120e+02 8.97352520e-24
 4.32161470e+02 8.98436830e-24
 4.33141020e+02 8.99524930e-24
 4.34122800e+02 9.00616820e-24
 4.35106800e+02 9.01712510e-24
 4.36093030e+02 9.02812000e-24
 4.37081500e+02 9.03915330e-24
 4.38072210e+02 9.05022480e-24
 4.39065160e+02 9.06133490e-24
 4.40060370e+02 9.07248350e-24
 4.41057830e+02 9.08367080e-24
 4.42057550e+02 9.09489700e-24
 4.43059530e+02 9.10616210e-24
 4.44063790e+02 9.11746640e-24
 4.45070330e+02 9.12881000e-24
 4.46079140e+02 9.14019300e-24
 4.47090240e+02 9.15161560e-24
 4.48103640e+02 9.16307810e-24
 4.49119330e+02 9.17458060e-24
 4.50137320e+02 9.18612330e-24
 4.51157620e+02 9.19770650e-24
 4.52180240e+02 9.20933050e-24
 4.53205170e+02 9.22099560e-24
 4.54232420e+02 9.23270220e-24
 4.55262010e+02 9.24445070e-24
 4.56293920e+02 9.25624160e-24
 4.57328180e+02 9.26807540e-24
 4.58364780e+02 9.27995300e-24
 4.59403730e+02 9.29187510e-24
 4.60445030e+02 9.30384290e-24
 4.61488700e+02 9.31585770e-24
 4.62534730e+02 9.32792130e-24
 4.63583130e+02 9.34003600e-24
 4.64633910e+02 9.35220480e-24
 4.65687070e+02 9.36443200e-24
 4.66742610e+02 9.37672320e-24
 4.67800550e+02 9.38908700e-24
 4.68860890e+02 9.40153550e-24
 4.69923630e+02 9.41408760e-24
 4.70988780e+02 9.42677340e-24
 4.72056340e+02 9.43964330e-24
 4.73126330e+02 9.45278770e-24
 4.74198740e+02 9.46638150e-24
 4.75273580e+02 9.48080150e-24
 4.76350850e+02 9.49698820e-24
 4.77430570e+02 9.51787900e-24
 4.78512740e+02 9.55698600e-24
 4.79597350e+02 9.77090500e-24
 4.80684430e+02 1.11607560e-23
 4.81773970e+02 9.62971040e-24
 4.82865980e+02 9.58785570e-24
 4.83960470e+02 9.58780620e-24
 4.85057430e+02 9.59574890e-24
 4.86156880e+02 9.60627600e-24
 4.87258830e+02 9.61790190e-24
 4.88363270e+02 9.63008610e-24
 4.89470220e+02 9.64259400e-24
 4.90579670e+02 9.65531050e-24
 4.91691640e+02 9.66817390e-24
 4.92806130e+02 9.68114890e-24
 4.93923150e+02 9.69421380e-24
 4.95042690e+02 9.70735500e-24
 4.96164780e+02 9.72056350e-24
 4.97289410e+02 9.73383330e-24
 4.98416590e+02 9.74716000e-24
 4.99546320e+02 9.76054070e-24
 5.00678610e+02 9.77397310e-24
 5.01813470e+02 9.78745580e-24
 5.02950900e+02 9.80098750e-24
 5.04090910e+02 9.81456730e-24
 5.05233510e+02 9.82819460e-24
 5.06378690e+02 9.84186880e-24
 5.07526470e+02 9.85558950e-24
 5.08676860e+02 9.86935660e-24
 5.09829840e+02 9.88316970e-24
 5.10985450e+02 9.89702880e-24
 5.12143670e+02 9.91093360e-24
 5.13304520e+02 9.92488420e-24
 5.14467990e+02 9.93888040e-24
 5.15634110e+02 9.95292230e-24
 5.16802870e+02 9.96700980e-24
 5.17974280e+02 9.98114300e-24
 5.19148340e+02 9.99532190e-24
 5.20325060e+02 1.00095460e-23
 5.21504460e+02 1.00238170e-23
 5.22686520e+02 1.00381330e-23
 5.23871270e+02 1.00524950e-23
 5.25058690e+02 1.00669030e-23
 5.26248820e+02 1.00813570e-23
 5.27441630e+02 1.00958570e-23
 5.28637160e+02 1.01104040e-23
 5.29835390e+02 1.01249960e-23
 5.31036340e+02 1.01396350e-23
 5.32240010e+02 1.01543200e-23
 5.33446410e+02 1.01690520e-23
 5.34655540e+02 1.01838300e-23
 5.35867410e+02 1.01986550e-23
 5.37082030e+02 1.02135270e-23
 5.38299410e+02 1.02284460e-23
 5.39519540e+02 1.02434120e-23
 5.40742440e+02 1.02584240e-23
 5.41968110e+02 1.02734840e-23
 5.43196560e+02 1.02885910e-23
 5.44427790e+02 1.03037460e-23
 5.45661810e+02 1.03189470e-23
 5.46898630e+02 1.03341970e-23
 5.48138260e+02 1.03494940e-23
 5.49380690e+02 1.03648390e-23
 5.50625940e+02 1.03802310e-23
 5.51874020e+02 1.03956720e-23
 5.53124920e+02 1.04111600e-23
 5.54378660e+02 1.04266970e-23
 5.55635230e+02 1.04422820e-23
 5.56894660e+02 1.04579150e-23
 5.58156940e+02 1.04735970e-23
 5.59422090e+02 1.04893270e-23
 5.60690100e+02 1.05051060e-23
 5.61960980e+02 1.05209340e-23
 5.63234750e+02 1.05368110e-23
 5.64511400e+02 1.05527360e-23
 5.65790950e+02 1.05687110e-23
 5.67073390e+02 1.05847350e-23
 5.68358740e+02 1.06008080e-23
 5.69647010e+02 1.06169310e-23
 5.70938200e+02 1.06331030e-23
 5.72232310e+02 1.06493240e-23
 5.73529360e+02 1.06655960e-23
 5.74829350e+02 1.06819170e-23
 5.76132280e+02 1.06982880e-23
 5.77438170e+02 1.07147090e-23
 5.78747010e+02 1.07311800e-23
 5.80058830e+02 1.07477020e-23
 5.81373610e+02 1.07642740e-23
 5.82691380e+02 1.07808960e-23
 5.84012130e+02 1.07975690e-23
 5.85335880e+02 1.08142920e-23
 5.86662630e+02 1.08310670e-23
 5.87992380e+02 1.08478920e-23
 5.89325150e+02 1.08647680e-23
 5.90660940e+02 1.08816960e-23
 5.91999760e+02 1.08986740e-23
 5.93341610e+02 1.09157040e-23
 5.94686510e+02 1.09327860e-23
 5.96034450e+02 1.09499190e-23
 5.97385450e+02 1.09671030e-23
 5.98739510e+02 1.09843400e-23
 6.00096640e+02 1.10016280e-23
 6.01456840e+02 1.10189680e-23
 6.02820130e+02 1.10363600e-23
 6.04186510e+02 1.10538050e-23
 6.05555980e+02 1.10713020e-23
 6.06928560e+02 1.10888510e-23
 6.08304250e+02 1.11064530e-23
 6.09683060e+02 1.11241080e-23
 6.11065000e+02 1.11418150e-23
 6.12450060e+02 1.11595750e-23
 6.13838270e+02 1.11773890e-23
 6.15229620e+02 1.11952550e-23
 6.16624130e+02 1.12131750e-23
 6.18021800e+02 1.12311470e-23
 6.19422630e+02 1.12491740e-23
 6.20826640e+02 1.12672540e-23
 6.22233840e+02 1.12853870e-23
 6.23644220e+02 1.13035750e-23
 6.25057800e+02 1.13218160e-23
 6.26474580e+02 1.13401120e-23
 6.27894580e+02 1.13584610e-23
 6.29317790e+02 1.13768650e-23
 6.30744230e+02 1.13953230e-23
 6.32173900e+02 1.14138360e-23
 6.33606810e+02 1.14324030e-23
 6.35042970e+02 1.14510250e-23
 6.36482390e+02 1.14697010e-23
 6.37925070e+02 1.14884330e-23
 6.39371020e+02 1.15072200e-23
 6.40820240e+02 1.15260620e-23
 6.42272760e+02 1.15449590e-23
 6.43728560e+02 1.15639120e-23
 6.45187660e+02 1.15829200e-23
 6.46650070e+02 1.16019840e-23
 6.48115800e+02 1.16211040e-23
 6.49584850e+02 1.16402790e-23
 6.51057220e+02 1.16595100e-23
 6.52532940e+02 1.16787980e-23
 6.54012000e+02 1.16981420e-23
 6.55494410e+02 1.17175420e-23
 6.56980180e+02 1.17369990e-23
 6.58469320e+02 1.17565120e-23
 6.59961840e+02 1.17760820e-23
 6.61457740e+02 1.17957090e-23
 6.62957030e+02 1.18153930e-23
 6.64459710e+02 1.18351340e-23
 6.65965810e+02 1.18549320e-23
 6.67475310e+02 1.18747870e-23
 6.68988240e+02 1.18947000e-23
 6.70504600e+02 1.19146700e-23
 6.72024390e+02 1.19346980e-23
 6.73547630e+02 1.19547840e-23
 6.75074330e+02 1.19749280e-23
 6.76604480e+02 1.19951290e-23
 6.78138100e+02 1.20153890e-23
 6.79675200e+02 1.20357080e-23
 6.81215780e+02 1.20560840e-23
 6.82759850e+02 1.20765190e-23
 6.84307430e+02 1.20970130e-23
 6.85858510e+02 1.21175660e-23
 6.87413110e+02 1.21381770e-23
 6.88971230e+02 1.21588480e-23
 6.90532880e+02 1.21795770e-23
 6.92098070e+02 1.22003660e-23
 6.93666810e+02 1.22212140e-23
 6.95239110e+02 1.22421220e-23
 6.96814970e+02 1.22630900e-23
 6.98394400e+02 1.22841170e-23
 6.99977410e+02 1.23052040e-23
 7.01564010e+02 1.23263510e-23
 7.03154200e+02 1.23475580e-23
 7.04748000e+02 1.23688260e-23
 7.06345420e+02 1.23901540e-23
 7.07946450e+02 1.24115420e-23
 7.09551110e+02 1.24329910e-23
 7.11159410e+02 1.24545010e-23
 7.12771360e+02 1.24760720e-23
 7.14386950e+02 1.24977040e-23
 7.16006220e+02 1.25193960e-23
 7.17629150e+02 1.25411510e-23
 7.19255760e+02 1.25629660e-23
 7.20886050e+02 1.25848430e-23
 7.22520040e+02 1.26067820e-23
 7.24157740e+02 1.26287830e-23
 7.25799150e+02 1.26508450e-23
 7.27444280e+02 1.26729700e-23
 7.29093130e+02 1.26951570e-23
 7.30745730e+02 1.27174060e-23
 7.32402070e+02 1.27397170e-23
 7.34062160e+02 1.27620910e-23
 7.35726020e+02 1.27845280e-23
 7.37393650e+02 1.28070280e-23
 7.39065060e+02 1.28295900e-23
 7.40740250e+02 1.28522160e-23
 7.42419250e+02 1.28749050e-23
 7.44102050e+02 1.28976570e-23
 7.45788660e+02 1.29204720e-23
 7.47479100e+02 1.29433520e-23
 7.49173370e+02 1.29662950e-23
 7.50871480e+02 1.29893020e-23
 7.52573440e+02 1.30123730e-23
 7.54279250e+02 1.30355080e-23
 7.55988930e+02 1.30587070e-23
 7.57702490e+02 1.30819710e-23
 7.59419930e+02 1.31052990e-23
 7.61141270e+02 1.31286930e-23
 7.62866500e+02 1.31521500e-23
 7.64595650e+02 1.31756730e-23
 7.66328720e+02 1.31992610e-23
 7.68065710e+02 1.32229140e-23
 7.69806640e+02 1.32466330e-23
 7.71551520e+02 1.32704170e-23
 7.73300350e+02 1.32942660e-23
 7.75053150e+02 1.33181820e-23
 7.76809920e+02 1.33421630e-23
 7.78570670e+02 1.33662100e-23
 7.80335410e+02 1.33903240e-23
 7.82104150e+02 1.34145040e-23
 7.83876900e+02 1.34387500e-23
 7.85653670e+02 1.34630630e-23
 7.87434470e+02 1.34874420e-23
 7.89219300e+02 1.35118890e-23
 7.91008180e+02 1.35364020e-23
 7.92801120e+02 1.35609830e-23
 7.94598120e+02 1.35856310e-23
 7.96399190e+02 1.36103460e-23
 7.98204340e+02 1.36351290e-23
 8.00013580e+02 1.36599790e-23
 8.01826930e+02 1.36848980e-23
 8.03644390e+02 1.37098840e-23
 8.05465960e+02 1.37349390e-23
 8.07291670e+02 1.37600620e-23
 8.09121510e+02 1.37852530e-23
 8.10955500e+02 1.38105130e-23
 8.12793650e+02 1.38358410e-23
 8.14635960e+02 1.38612380e-23
 8.16482450e+02 1.38867040e-23
 8.18333120e+02 1.39122400e-23
 8.20187990e+02 1.39378440e-23
 8.22047070e+02 1.39635190e-23
 8.23910360e+02 1.39892620e-23
 8.25777870e+02 1.40150750e-23
 8.27649610e+02 1.40409590e-23
 8.29525600e+02 1.40669120e-23
 8.31405840e+02 1.40929350e-23
 8.33290340e+02 1.41190280e-23
 8.35179110e+02 1.41451920e-23
 8.37072160e+02 1.41714270e-23
 8.38969510e+02 1.41977320e-23
 8.40871150e+02 1.42241080e-23
 8.42777110e+02 1.42505550e-23
 8.44687380e+02 1.42770730e-23
 8.46601990e+02 1.43036630e-23
 8.48520930e+02 1.43303240e-23
 8.50444230e+02 1.43570570e-23
 8.52371880e+02 1.43838610e-23
 8.54303910e+02 1.44107370e-23
 8.56240310e+02 1.44376850e-23
 8.58181100e+02 1.44647060e-23
 8.60126290e+02 1.44917990e-23
 8.62075890e+02 1.45189640e-23
 8.64029910e+02 1.45462020e-23
 8.65988360e+02 1.45735130e-23
 8.67951240e+02 1.46008960e-23
 8.69918580e+02 1.46283530e-23
 8.71890380e+02 1.46558830e-23
 8.73866640e+02 1.46834860e-23
 8.75847390e+02 1.47111630e-23
 8.77832620e+02 1.47389140e-23
 8.79822350e+02 1.47667390e-23
 8.81816600e+02 1.47946370e-23
 8.83815360e+02 1.48226100e-23
 8.85818660e+02 1.48506570e-23
 8.87826490e+02 1.48787780e-23
 8.89838880e+02 1.49069750e-23
 8.91855830e+02 1.49352450e-23
 8.93877340e+02 1.49635910e-23
 8.95903450e+02 1.49920120e-23
 8.97934140e+02 1.50205080e-23
 8.99969440e+02 1.50490800e-23
 9.02009350e+02 1.50777270e-23
 9.04053880e+02 1.51064500e-23
 9.06103050e+02 1.51352490e-23
 9.08156860e+02 1.51641240e-23
 9.10215330e+02 1.51930750e-23
 9.12278460e+02 1.52221020e-23
 9.14346270e+02 1.52512060e-23
 9.16418770e+02 1.52803870e-23
 9.18495970e+02 1.53096450e-23
 9.20577870e+02 1.53389790e-23
 9.22664490e+02 1.53683910e-23
 9.24755840e+02 1.53978800e-23
 9.26851930e+02 1.54274470e-23
 9.28952780e+02 1.54570920e-23
 9.31058380e+02 1.54868140e-23
 9.33168760e+02 1.55166150e-23
 9.35283920e+02 1.55464940e-23
 9.37403880e+02 1.55764520e-23
 9.39528640e+02 1.56064880e-23
 9.41658210e+02 1.56366050e-23
 9.43792620e+02 1.56668010e-23
 9.45931860e+02 1.56970790e-23
 9.48075950e+02 1.57274400e-23
 9.50224900e+02 1.57578870e-23
 9.52378720e+02 1.57884300e-23
 9.54537430e+02 1.58190950e-23
 9.56701020e+02 1.58499900e-23
 9.58869520e+02 1.58821510e-23
 9.61042940e+02 1.60011330e-23
 9.63221280e+02 1.59431480e-23
 9.65404560e+02 1.59733580e-23
 9.67592790e+02 1.60042650e-23
 9.69785980e+02 1.60353550e-23
 9.71984130e+02 1.60665580e-23
 9.74187280e+02 1.60978540e-23
 9.76395410e+02 1.61292380e-23
 9.78608550e+02 1.61607060e-23
 9.80826710e+02 1.61922580e-23
 9.83049890e+02 1.62238930e-23
 9.85278120e+02 1.62556100e-23
 9.87511390e+02 1.62874100e-23
 9.89749730e+02 1.63192920e-23
 9.91993140e+02 1.63512580e-23
 9.94241630e+02 1.63833060e-23
 9.96495230e+02 1.64154370e-23
 9.98753930e+02 1.64476510e-23
 1.00101770e+03 1.64799480e-23
 1.00328670e+03 1.65123290e-23
 1.00556080e+03 1.65447930e-23
 1.00784000e+03 1.65773410e-23
 1.01012450e+03 1.66099730e-23
 1.01241400e+03 1.66426880e-23
 1.01470880e+03 1.66754880e-23
 1.01700880e+03 1.67083730e-23
 1.01931400e+03 1.67413420e-23
 1.02162440e+03 1.67743950e-23
 1.02394010e+03 1.68075340e-23
 1.02626100e+03 1.68407580e-23
 1.02858720e+03 1.68740660e-23
 1.03091860e+03 1.69074610e-23
 1.03325530e+03 1.69409410e-23
 1.03559730e+03 1.69745060e-23
 1.03794470e+03 1.70081580e-23
 1.04029730e+03 1.70418950e-23
 1.04265530e+03 1.70757200e-23
 1.04501860e+03 1.71096300e-23
 1.04738730e+03 1.71436270e-23
 1.04976140e+03 1.71777110e-23
 1.05214080e+03 1.72118820e-23
 1.05452560e+03 1.72461410e-23
 1.05691590e+03 1.72804860e-23
 1.05931150e+03 1.73149200e-23
 1.06171260e+03 1.73494410e-23
 1.06411910e+03 1.73840500e-23
 1.06653110e+03 1.74187470e-23
 1.06894860e+03 1.74535320e-23
 1.07137150e+03 1.74884060e-23
 1.07379990e+03 1.75233690e-23
 1.07623380e+03 1.75584200e-23
 1.07867330e+03 1.75935610e-23
 1.08111820e+03 1.76287910e-23
 1.08356870e+03 1.76641100e-23
 1.08602480e+03 1.76995190e-23
 1.08848640e+03 1.77350180e-23
 1.09095360e+03 1.77706060e-23
 1.09342650e+03 1.78062850e-23
 1.09590490e+03 1.78420540e-23
 1.09838890e+03 1.78779140e-23
 1.10087850e+03 1.79138640e-23
 1.10337380e+03 1.79499060e-23
 1.10587480e+03 1.79860390e-23
 1.10838140e+03 1.80222620e-23
 1.11089370e+03 1.80585780e-23
 1.11341170e+03 1.80949850e-23
 1.11593540e+03 1.81314840e-23
 1.11846490e+03 1.81680750e-23
 1.12100000e+03 1.82047580e-23
 1.12354090e+03 1.82415340e-23
 1.12608760e+03 1.82784030e-23
 1.12864000e+03 1.83153640e-23
 1.13119830e+03 1.83524190e-23
 1.13376230e+03 1.83895660e-23
 1.13633210e+03 1.84268080e-23
 1.13890780e+03 1.84641420e-23
 1.14148930e+03 1.85015710e-23
 1.14407660e+03 1.85390940e-23
 1.14666980e+03 1.85767110e-23
 1.14926890e+03 1.86144220e-23
 1.15187390e+03 1.86522280e-23
 1.15448480e+03 1.86901290e-23
 1.15710160e+03 1.87281250e-23
 1.15972430e+03 1.87662160e-23
 1.16235300e+03 1.88044030e-23
 1.16498770e+03 1.88426850e-23
 1.16762830e+03 1.88810630e-23
 1.17027490e+03 1.89195370e-23
 1.17292750e+03 1.89581070e-23
 1.17558610e+03 1.89967740e-23
 1.17825070e+03 1.90355380e-23
 1.18092140e+03 1.90743980e-23
 1.18359810e+03 1.91133550e-23
 1.18628090e+03 1.91524100e-23
 1.18896980e+03 1.91915620e-23
 1.19166480e+03 1.92308120e-23
 1.19436580e+03 1.92701590e-23
 1.19707300e+03 1.93096050e-23
 1.19978640e+03 1.93491490e-23
 1.20250590e+03 1.93887910e-23
 1.20523150e+03 1.94285330e-23
 1.20796340e+03 1.94683730e-23
 1.21070140e+03 1.95083120e-23
 1.21344560e+03 1.95483510e-23
 1.21619610e+03 1.95884890e-23
 1.21895270e+03 1.96287270e-23
 1.22171570e+03 1.96690640e-23
 1.22448490e+03 1.97095030e-23
 1.22726030e+03 1.97500410e-23
 1.23004210e+03 1.97906800e-23
 1.23283020e+03 1.98314200e-23
 1.23562460e+03 1.98722610e-23
 1.23842530e+03 1.99132030e-23
 1.24123230e+03 1.99542460e-23
 1.24404580e+03 1.99953910e-23
 1.24686560e+03 2.00366390e-23
 1.24969180e+03 2.00779880e-23
 1.25252440e+03 2.01194390e-23
 1.25536340e+03 2.01609930e-23
 1.25820890e+03 2.02026500e-23
 1.26106080e+03 2.02444100e-23
 1.26391920e+03 2.02862730e-23
 1.26678400e+03 2.03282390e-23
 1.26965540e+03 2.03703090e-23
 1.27253320e+03 2.04124830e-23
 1.27541760e+03 2.04547610e-23
 1.27830850e+03 2.04971430e-23
 1.28120600e+03 2.05396300e-23
 1.28411000e+03 2.05822210e-23
 1.28702060e+03 2.06249180e-23
 1.28993790e+03 2.06677190e-23
 1.29286170e+03 2.07106260e-23
 1.29579220e+03 2.07536390e-23
 1.29872920e+03 2.07967570e-23
 1.30167300e+03 2.08399820e-23
 1.30462340e+03 2.08833120e-23
 1.30758060e+03 2.09267500e-23
 1.31054440e+03 2.09702940e-23
 1.31351490e+03 2.10139450e-23
 1.31649220e+03 2.10577030e-23
 1.31947620e+03 2.11015690e-23
 1.32246700e+03 2.11455420e-23
 1.32546450e+03 2.11896230e-23
 1.32846890e+03 2.12338120e-23
 1.33148010e+03 2.12781100e-23
 1.33449810e+03 2.13225160e-23
 1.33752290e+03 2.13670310e-23
 1.34055460e+03 2.14116550e-23
 1.34359310e+03 2.14563890e-23
 1.34663860e+03 2.15012320e-23
 1.34969090e+03 2.15461840e-23
 1.35275020e+03 2.15912470e-23
 1.35581640e+03 2.16364200e-23
 1.35888960e+03 2.16817030e-23
 1.36196970e+03 2.17270970e-23
 1.36505680e+03 2.17726020e-23
 1.36815090e+03 2.18182180e-23
 1.37125200e+03 2.18639450e-23
 1.37436010e+03 2.19097840e-23
 1.37747530e+03 2.19557350e-23
 1.38059760e+03 2.20017980e-23
 1.38372690e+03 2.20479730e-23
 1.38686330e+03 2.20942610e-23
 1.39000680e+03 2.21406620e-23
 1.39315750e+03 2.21871750e-23
 1.39631530e+03 2.22338030e-23
 1.39948020e+03 2.22805430e-23
 1.40265230e+03 2.23273980e-23
 1.40583160e+03 2.23743660e-23
 1.40901820e+03 2.24214490e-23
 1.41221190e+03 2.24686470e-23
 1.41541290e+03 2.25159590e-23
 1.41862110e+03 2.25633860e-23
 1.42183660e+03 2.26109290e-23
 1.42505940e+03 2.26585880e-23
 1.42828950e+03 2.27063640e-23
 1.43152700e+03 2.27542580e-23
 1.43477170e+03 2.28022770e-23
 1.43802380e+03 2.28504750e-23
 1.44128330e+03 2.29634430e-23
 1.44455020e+03 2.29470540e-23
 1.44782450e+03 2.29954650e-23
 1.45110620e+03 2.30440440e-23
 1.45439530e+03 2.30927480e-23
 1.45769190e+03 2.31415720e-23
 1.46099600e+03 2.31905160e-23
 1.46430750e+03 2.32395790e-23
 1.46762660e+03 2.32887600e-23
 1.47095320e+03 2.33380610e-23
 1.47428730e+03 2.33874810e-23
 1.47762900e+03 2.34370210e-23
 1.48097830e+03 2.34866800e-23
 1.48433510e+03 2.35364600e-23
 1.48769960e+03 2.35863600e-23
 1.49107170e+03 2.36363800e-23
 1.49445140e+03 2.36865210e-23
 1.49783880e+03 2.37367840e-23
 1.50123380e+03 2.37871670e-23
 1.50463660e+03 2.38376730e-23
 1.50804710e+03 2.38883000e-23
 1.51146530e+03 2.39390490e-23
 1.51489120e+03 2.39899210e-23
 1.51832500e+03 2.40409150e-23
 1.52176650e+03 2.40920320e-23
 1.52521580e+03 2.41432730e-23
 1.52867290e+03 2.41946370e-23
 1.53213780e+03 2.42461240e-23
 1.53561060e+03 2.42977360e-23
 1.53909130e+03 2.43494710e-23
 1.54257990e+03 2.44013320e-23
 1.54607640e+03 2.44533170e-23
 1.54958080e+03 2.45054270e-23
 1.55309310e+03 2.45576620e-23
 1.55661340e+03 2.46100230e-23
 1.56014170e+03 2.46625100e-23
 1.56367800e+03 2.47151230e-23
 1.56722230e+03 2.47678630e-23
 1.57077460e+03 2.48207290e-23
 1.57433500e+03 2.48737220e-23
 1.57790350e+03 2.49268420e-23
 1.58148000e+03 2.49800900e-23
 1.58506470e+03 2.50334650e-23
 1.58865750e+03 2.50869690e-23
 1.59225840e+03 2.51406000e-23
 1.59586750e+03 2.51943610e-23
 1.59948470e+03 2.52482500e-23
 1.60311020e+03 2.53022690e-23
 1.60674390e+03 2.53564160e-23
 1.61038580e+03 2.54106940e-23
 1.61403600e+03 2.54651020e-23
 1.61769440e+03 2.55196390e-23
 1.62136110e+03 2.55743080e-23
 1.62503620e+03 2.56291070e-23
 1.62871960e+03 2.56840370e-23
 1.63241130e+03 2.57390990e-23
 1.63611140e+03 2.57942930e-23
 1.63981990e+03 2.58496180e-23
 1.64353680e+03 2.59050760e-23
 1.64726210e+03 2.59606660e-23
 1.65099580e+03 2.60163890e-23
 1.65473800e+03 2.60722450e-23
 1.65848870e+03 2.61282350e-23
 1.66224790e+03 2.61843580e-23
 1.66601570e+03 2.62406150e-23
 1.66979190e+03 2.62970070e-23
 1.67357680e+03 2.63535330e-23
 1.67737020e+03 2.64101940e-23
 1.68117220e+03 2.64669900e-23
 1.68498280e+03 2.65239210e-23
 1.68880200e+03 2.65809890e-23
 1.69262990e+03 2.66381920e-23
 1.69646650e+03 2.66955320e-23
 1.70031180e+03 2.67530080e-23
 1.70416580e+03 2.68106210e-23
 1.70802860e+03 2.68683710e-23
 1.71190010e+03 2.69262590e-23
 1.71578030e+03 2.69842850e-23
 1.71966940e+03 2.70424490e-23
 1.72356730e+03 2.71007510e-23
 1.72747400e+03 2.71591920e-23
 1.73138950e+03 2.72177720e-23
 1.73531400e+03 2.72764910e-23
 1.73924730e+03 2.73353500e-23
 1.74318960e+03 2.73943490e-23
 1.74714080e+03 2.74534880e-23
 1.75110090e+03 2.75127670e-23
 1.75507000e+03 2.75721880e-23
 1.75904820e+03 2.76317490e-23
 1.76303530e+03 2.76914520e-23
 1.76703150e+03 2.77512970e-23
 1.77103670e+03 2.78112830e-23
 1.77505100e+03 2.78714120e-23
 1.77907440e+03 2.79316840e-23
 1.78310690e+03 2.79920990e-23
 1.78714860e+03 2.80526570e-23
 1.79119940e+03 2.81133590e-23
 1.79525940e+03 2.81742040e-23
 1.79932870e+03 2.82351940e-23
 1.80340710e+03 2.82963290e-23
 1.80749480e+03 2.83576080e-23
 1.81159170e+03 2.84190330e-23
 1.81569800e+03 2.84806030e-23
 1.81981350e+03 2.85423180e-23
 1.82393840e+03 2.86041800e-23
 1.82807260e+03 2.86661890e-23
 1.83221620e+03 2.87283440e-23
 1.83636920e+03 2.87906460e-23
 1.84053160e+03 2.88530960e-23
 1.84470340e+03 2.89156930e-23
 1.84888470e+03 2.89784380e-23
 1.85307540e+03 2.90413320e-23
 1.85727570e+03 2.91043750e-23
 1.86148550e+03 2.91675660e-23
 1.86570480e+03 2.92309070e-23
 1.86993370e+03 2.92943980e-23
 1.87417220e+03 2.93580390e-23
 1.87842020e+03 2.94218300e-23
 1.88267800e+03 2.94857710e-23
 1.88694530e+03 2.95498640e-23
 1.89122230e+03 2.96141080e-23
 1.89550910e+03 2.96785030e-23
 1.89980550e+03 2.97430510e-23
 1.90411170e+03 2.98077510e-23
 1.90842760e+03 2.98726040e-23
 1.91275340e+03 2.99376120e-23
 1.91708890e+03 3.00027800e-23
 1.92143430e+03 3.00880350e-23
 1.92578950e+03 3.01335600e-23
 1.93015450e+03 3.01991700e-23
 1.93452950e+03 3.02649440e-23
 1.93891440e+03 3.03308730e-23
 1.94330920e+03 3.03969590e-23
 1.94771400e+03 3.04632000e-23
 1.95212880e+03 3.05295980e-23
 1.95655360e+03 3.05961510e-23
 1.96098840e+03 3.06628620e-23
 1.96543320e+03 3.07297290e-23
 1.96988820e+03 3.07967540e-23
 1.97435320e+03 3.08639370e-23
 1.97882840e+03 3.09312780e-23
 1.98331370e+03 3.09987770e-23
 1.98780910e+03 3.10664350e-23
 1.99231480e+03 3.11342520e-23
 1.99683070e+03 3.12022280e-23
 2.00135680e+03 3.12703650e-23
 2.00589310e+03 3.13386610e-23
 2.01043980e+03 3.14071180e-23
 2.01499670e+03 3.14757360e-23
 2.01956400e+03 3.15445150e-23
 2.02414160e+03 3.16134560e-23
 2.02872960e+03 3.16825590e-23
 2.03332800e+03 3.17518240e-23
 2.03793690e+03 3.18212510e-23
 2.04255620e+03 3.18908420e-23
 2.04718590e+03 3.19605960e-23
 2.05182610e+03 3.20305140e-23
 2.05647690e+03 3.21005950e-23
 2.06113820e+03 3.21708420e-23
 2.06581010e+03 3.22412530e-23
 2.07049250e+03 3.23118290e-23
 2.07518560e+03 3.23825700e-23
 2.07988930e+03 3.24534780e-23
 2.08460370e+03 3.25245520e-23
 2.08932870e+03 3.25957920e-23
 2.09406450e+03 3.26672000e-23
 2.09881100e+03 3.27387740e-23
 2.10356820e+03 3.28105170e-23
 2.10833630e+03 3.28824270e-23
 2.11311510e+03 3.29545070e-23
 2.11790480e+03 3.30267540e-23
 2.12270530e+03 3.30991710e-23
 2.12751680e+03 3.31717580e-23
 2.13233910e+03 3.32445150e-23
 2.13717230e+03 3.33174410e-23
 2.14201650e+03 3.33905390e-23
 2.14687170e+03 3.34638080e-23
 2.15173790e+03 3.35372480e-23
 2.15661510e+03 3.36108600e-23
 2.16150340e+03 3.36846440e-23
 2.16640280e+03 3.37586000e-23
 2.17131320e+03 3.38327300e-23
 2.17623480e+03 3.39070330e-23
 2.18116760e+03 3.39815100e-23
 2.18611150e+03 3.40561600e-23
 2.19106670e+03 3.41309860e-23
 2.19603300e+03 3.42059860e-23
 2.20101060e+03 3.42811610e-23
 2.20599960e+03 3.43565120e-23
 2.21099980e+03 3.44320390e-23
 2.21601130e+03 3.45077430e-23
 2.22103420e+03 3.45836230e-23
 2.22606850e+03 3.46596800e-23
 2.23111420e+03 3.47359150e-23
 2.23617140e+03 3.48123280e-23
 2.24124000e+03 3.48889200e-23
 2.24632010e+03 3.49656900e-23
 2.25141170e+03 3.50426390e-23
 2.25651480e+03 3.51197680e-23
 2.26162950e+03 3.51970770e-23
 2.26675580e+03 3.52745660e-23
 2.27189380e+03 3.53522360e-23
 2.27704330e+03 3.54300870e-23
 2.28220460e+03 3.55081190e-23
 2.28737750e+03 3.55863340e-23
 2.29256220e+03 3.56647310e-23
 2.29775860e+03 3.57433100e-23
 2.30296680e+03 3.58220730e-23
 2.30818680e+03 3.59010200e-23
 2.31341870e+03 3.59801500e-23
 2.31866240e+03 3.60594640e-23
 2.32391790e+03 3.61389640e-23
 2.32918540e+03 3.62186480e-23
 2.33446490e+03 3.62985190e-23
 2.33975630e+03 3.63785750e-23
 2.34505970e+03 3.64588170e-23
 2.35037510e+03 3.65392470e-23
 2.35570250e+03 3.66198630e-23
 2.36104210e+03 3.67006680e-23
 2.36639370e+03 3.67816600e-23
 2.37175750e+03 3.68628410e-23
 2.37713340e+03 3.69442110e-23
 2.38252150e+03 3.70257700e-23
 2.38792190e+03 3.71075190e-23
 2.39333440e+03 3.71894580e-23
 2.39875930e+03 3.72715960e-23
 2.40419640e+03 3.73539250e-23
 2.40964590e+03 3.74364210e-23
 2.41510770e+03 3.75191230e-23
 2.42058190e+03 3.76020190e-23
 2.42606850e+03 3.76851080e-23
 2.43156750e+03 3.77683890e-23
 2.43707900e+03 3.78518650e-23
 2.44260300e+03 3.79355340e-23
 2.44813950e+03 3.80193980e-23
 2.45368850e+03 3.81034560e-23
 2.45925020e+03 3.81877100e-23
 2.46482440e+03 3.82721600e-23
 2.47041130e+03 3.83568050e-23
 2.47601080e+03 3.84416480e-23
 2.48162310e+03 3.85266870e-23
 2.48724800e+03 3.86119230e-23
 2.49288570e+03 3.86973580e-23
 2.49853620e+03 3.87829910e-23
 2.50419950e+03 3.88688220e-23
 2.50987560e+03 3.89548530e-23
 2.51556460e+03 3.90410840e-23
 2.52126650e+03 3.91275140e-23
 2.52698130e+03 3.92141450e-23
 2.53270910e+03 3.93009770e-23
 2.53844990e+03 3.93880110e-23
 2.54420360e+03 3.94752460e-23
 2.54997040e+03 3.95626830e-23
 2.55575030e+03 3.96503240e-23
 2.56154330e+03 3.97381670e-23
 2.56734940e+03 3.98262140e-23
 2.57316860e+03 3.99144660e-23
 2.57900110e+03 4.00029210e-23
 2.58484680e+03 4.00915820e-23
 2.59070570e+03 4.01804480e-23
 2.59657790e+03 4.02695210e-23
 2.60246340e+03 4.03587990e-23
 2.60836230e+03 4.04482850e-23
 2.61427450e+03 4.05379770e-23
 2.62020010e+03 4.06278780e-23
 2.62613920e+03 4.07179870e-23
 2.63209170e+03 4.08083040e-23
 2.63805770e+03 4.08988310e-23
 2.64403730e+03 4.09895670e-23
 2.65003040e+03 4.10805130e-23
 2.65603700e+03 4.11716700e-23
 2.66205730e+03 4.12630370e-23
 2.66809130e+03 4.13546170e-23
 2.67413890e+03 4.14464080e-23
 2.68020020e+03 4.15384120e-23
 2.68627530e+03 4.16306280e-23
 2.69236410e+03 4.17230580e-23
 2.69846670e+03 4.18157020e-23
 2.70458320e+03 4.19085600e-23
 2.71071350e+03 4.20016320e-23
 2.71685770e+03 4.20949200e-23
 2.72301590e+03 4.21884240e-23
 2.72918800e+03 4.22821440e-23
 2.73537410e+03 4.23760810e-23
 2.74157420e+03 4.24702350e-23
 2.74778840e+03 4.25646070e-23
 2.75401660e+03 4.26591960e-23
 2.76025900e+03 4.27540050e-23
 2.76651550e+03 4.28490320e-23
 2.77278620e+03 4.29442790e-23
 2.77907120e+03 4.30397470e-23
 2.78537030e+03 4.31354340e-23
 2.79168380e+03 4.32313430e-23
 2.79801150e+03 4.33274740e-23
 2.80435360e+03 4.34238260e-23
 2.81071010e+03 4.35204010e-23
 2.81708100e+03 4.36172000e-23
 2.82346630e+03 4.37142210e-23
 2.82986610e+03 4.38114670e-23
 2.83628040e+03 4.39089370e-23
 2.84270920e+03 4.40066330e-23
 2.84915260e+03 4.41045540e-23
 2.85561060e+03 4.42027010e-23
 2.86208330e+03 4.43010740e-23
 2.86857060e+03 4.43996750e-23
 2.87507260e+03 4.44985040e-23
 2.88158940e+03 4.45976320e-23
 2.88812090e+03 4.46968450e-23
 2.89466730e+03 4.47963580e-23
 2.90122850e+03 4.48961010e-23
 2.90780450e+03 4.49960750e-23
 2.91439550e+03 4.50962790e-23
 2.92100140e+03 4.51967140e-23
 2.92762220e+03 4.52973820e-23
 2.93425810e+03 4.53982810e-23
 2.94090900e+03 4.54994130e-23
 2.94757500e+03 4.56007780e-23
 2.95425610e+03 4.57023770e-23
 2.96095240e+03 4.58042100e-23
 2.96766380e+03 4.59062770e-23
 2.97439040e+03 4.60085810e-23
 2.98113230e+03 4.61111200e-23
 2.98788950e+03 4.62138950e-23
 2.99466200e+03 4.63169070e-23
 3.00144980e+03 4.64201570e-23
 3.00825300e+03 4.65236440e-23
 3.01507160e+03 4.66273700e-23
 3.02190570e+03 4.67313350e-23
 3.02875530e+03 4.68355400e-23
 3.03562040e+03 4.69399840e-23
 3.04250110e+03 4.70446690e-23
 3.04939740e+03 4.71495960e-23
 3.05630930e+03 4.72547630e-23
 3.06323680e+03 4.73601740e-23
 3.07018010e+03 4.74658270e-23
 3.07713910e+03 4.75717230e-23
 3.08411390e+03 4.76778630e-23
 3.09110450e+03 4.77842470e-23
 3.09811090e+03 4.78908770e-23
 3.10513320e+03 4.79977510e-23
 3.11217140e+03 4.81048720e-23
 3.11922560e+03 4.82122400e-23
 3.12629580e+03 4.83198540e-23
 3.13338200e+03 4.84277160e-23
 3.14048430e+03 4.85358270e-23
 3.14760260e+03 4.86441860e-23
 3.15473710e+03 4.87527940e-23
 3.16188780e+03 4.88616530e-23
 3.16905460e+03 4.89707620e-23
 3.17623780e+03 4.90801220e-23
 3.18343720e+03 4.91897330e-23
 3.19065290e+03 4.92995970e-23
 3.19788500e+03 4.94097130e-23
 3.20513340e+03 4.95200820e-23
 3.21239830e+03 4.96307060e-23
 3.21967970e+03 4.97415840e-23
 3.22697750e+03 4.98527160e-23
 3.23429190e+03 4.99641050e-23
 3.24162290e+03 5.00757490e-23
 3.24897050e+03 5.01876500e-23
 3.25633480e+03 5.02998080e-23
 3.26371580e+03 5.04122240e-23
 3.27111340e+03 5.05248990e-23
 3.27852790e+03 5.06378320e-23
 3.28595910e+03 5.07510250e-23
 3.29340720e+03 5.08644790e-23
 3.30087220e+03 5.09781930e-23
 3.30835410e+03 5.10921680e-23
 3.31585300e+03 5.12064050e-23
 3.32336880e+03 5.13209050e-23
 3.33090170e+03 5.14356670e-23
 3.33845170e+03 5.15506930e-23
 3.34601880e+03 5.16659840e-23
 3.35360300e+03 5.17815400e-23
 3.36120440e+03 5.18973690e-23
 3.36882310e+03 5.20134470e-23
 3.37645900e+03 5.21298000e-23
 3.38411220e+03 5.22464210e-23
 3.39178280e+03 5.23633090e-23
 3.39947080e+03 5.24804660e-23
 3.40717620e+03 5.25978920e-23
 3.41489900e+03 5.27155870e-23
 3.42263940e+03 5.28335530e-23
 3.43039730e+03 5.29517900e-23
 3.43817280e+03 5.30702980e-23
 3.44596590e+03 5.31890770e-23
 3.45377670e+03 5.33081300e-23
 3.46160510e+03 5.34274560e-23
 3.46945140e+03 5.35470560e-23
 3.47731540e+03 5.36669300e-23
 3.48519720e+03 5.37870790e-23
 3.49309690e+03 5.39075040e-23
 3.50101450e+03 5.40282050e-23
 3.50895010e+03 5.41491830e-23
 3.51690360e+03 5.42704390e-23
 3.52487520e+03 5.43919730e-23
 3.53286480e+03 5.45137860e-23
 3.54087260e+03 5.46358780e-23
 3.54889850e+03 5.47582500e-23
 3.55694250e+03 5.48809030e-23
 3.56500490e+03 5.50038380e-23
 3.57308550e+03 5.51270540e-23
 3.58118440e+03 5.52505530e-23
 3.58930160e+03 5.53743350e-23
 3.59743730e+03 5.54984000e-23
 3.60559140e+03 5.56227510e-23
 3.61376400e+03 5.57473860e-23
 3.62195510e+03 5.58723070e-23
 3.63016480e+03 5.59975150e-23
 3.63839310e+03 5.61230100e-23
 3.64664000e+03 5.62487920e-23
 3.65490570e+03 5.63748630e-23
 3.66319000e+03 5.65012220e-23
 3.67149320e+03 5.66278710e-23
 3.67981520e+03 5.67548110e-23
 3.68815600e+03 5.68820410e-23
 3.69651570e+03 5.70095630e-23
 3.70489440e+03 5.71373780e-23
 3.71329210e+03 5.72654850e-23
 3.72170880e+03 5.73938850e-23
 3.73014460e+03 5.75225800e-23
 3.73859950e+03 5.76515700e-23
 3.74707360e+03 5.77808550e-23
 3.75556680e+03 5.79104370e-23
 3.76407940e+03 5.80403150e-23
 3.77261120e+03 5.81704910e-23
 3.78116240e+03 5.83009650e-23
 3.78973290e+03 5.84317370e-23
 3.79832290e+03 5.85628100e-23
 3.80693230e+03 5.86941820e-23
 3.81556130e+03 5.88258560e-23
 3.82420980e+03 5.89578310e-23
 3.83287790e+03 5.90901080e-23
 3.84156570e+03 5.92226920e-23
 3.85027320e+03 5.93555720e-23
 3.85900040e+03 5.94887590e-23
 3.86774730e+03 5.96222520e-23
 3.87651410e+03 5.97560510e-23
 3.88530080e+03 5.98901550e-23
 3.89410740e+03 6.00245670e-23
 3.90293400e+03 6.01592860e-23
 3.91178050e+03 6.02943140e-23
 3.92064710e+03 6.04296510e-23
 3.92953390e+03 6.05652980e-23
 3.93844070e+03 6.07012550e-23
 3.94736770e+03 6.08375230e-23
 3.95631500e+03 6.09741030e-23
 3.96528260e+03 6.11109960e-23
 3.97427050e+03 6.12482020e-23
 3.98327870e+03 6.13857220e-23
 3.99230740e+03 6.15235560e-23
 4.00135650e+03 6.16617060e-23
 4.01042620e+03 6.18001720e-23
 4.01951640e+03 6.19389550e-23
 4.02862720e+03 6.20780550e-23
 4.03775870e+03 6.22174730e-23
 4.04691080e+03 6.23572110e-23
 4.05608370e+03 6.24972680e-23
 4.06527740e+03 6.26376450e-23
 4.07449200e+03 6.27783440e-23
 4.08372740e+03 6.29193640e-23
 4.09298370e+03 6.30607070e-23
 4.10226110e+03 6.32023730e-23
 4.11155940e+03 6.33443630e-23
 4.12087890e+03 6.34866780e-23
 4.13021940e+03 6.36293180e-23
 4.13958120e+03 6.37722840e-23
 4.14896410e+03 6.39155780e-23
 4.15836840e+03 6.40591990e-23
 4.16779390e+03 6.42031480e-23
 4.17724080e+03 6.43474260e-23
 4.18670910e+03 6.44920340e-23
 4.19619890e+03 6.46369730e-23
 4.20571020e+03 6.47822430e-23
 4.21524300e+03 6.49278460e-23
 4.22479750e+03 6.50737810e-23
 4.23437360e+03 6.52200490e-23
 4.24397140e+03 6.53666520e-23
 4.25359100e+03 6.55135900e-23
 4.26323240e+03 6.56608640e-23
 4.27289560e+03 6.58084740e-23
 4.28258070e+03 6.59564220e-23
 4.29228780e+03 6.61047080e-23
 4.30201690e+03 6.62533330e-23
 4.31176800e+03 6.64022970e-23
 4.32154130e+03 6.65516030e-23
 4.33133670e+03 6.67012480e-23
 4.34115430e+03 6.68512350e-23
 4.35099410e+03 6.70015660e-23
 4.36085630e+03 6.71522400e-23
 4.37074080e+03 6.73032580e-23
 4.38064770e+03 6.74546210e-23
 4.39057710e+03 6.76063300e-23
 4.40052890e+03 6.77583850e-23
 4.41050340e+03 6.79107880e-23
 4.42050040e+03 6.80635390e-23
 4.43052010e+03 6.82166390e-23
 4.44056250e+03 6.83700880e-23
 4.45062770e+03 6.85238880e-23
 4.46071570e+03 6.86780390e-23
 4.47082650e+03 6.88325430e-23
 4.48096030e+03 6.89873990e-23
 4.49111700e+03 6.91426080e-23
 4.50129680e+03 6.92981730e-23
 4.51149960e+03 6.94540920e-23
 4.52172560e+03 6.96103670e-23
 4.53197470e+03 6.97670000e-23
 4.54224710e+03 6.99239900e-23
 4.55254280e+03 7.00813380e-23
 4.56286180e+03 7.02390450e-23
 4.57320410e+03 7.03971130e-23
 4.58357000e+03 7.05555420e-23
 4.59395930e+03 7.07143320e-23
 4.60437220e+03 7.08734840e-23
 4.61480860e+03 7.10330000e-23
 4.62526880e+03 7.11928800e-23
 4.63575260e+03 7.13531250e-23
 4.64626020e+03 7.15137360e-23
 4.65679160e+03 7.16747130e-23
 4.66734690e+03 7.18360580e-23
 4.67792610e+03 7.19977710e-23
 4.68852930e+03 7.21598530e-23
 4.69915650e+03 7.23223050e-23
 4.70980780e+03 7.24851280e-23
 4.72048330e+03 7.26483220e-23
 4.73118290e+03 7.28118890e-23
 4.74190690e+03 7.29758290e-23
 4.75265510e+03 7.31401430e-23
 4.76342760e+03 7.33048310e-23
 4.77422460e+03 7.34698960e-23
 4.78504610e+03 7.36353370e-23
 4.79589210e+03 7.38011560e-23
 4.80676270e+03 7.39673540e-23
 4.81765790e+03 7.41339290e-23
 4.82857780e+03 7.43008860e-23
 4.83952250e+03 7.44682230e-23
 4.85049190e+03 7.46359410e-23
 4.86148630e+03 7.48040430e-23
 4.87250550e+03 7.49725280e-23
 4.88354980e+03 7.51413970e-23
 4.89461900e+03 7.53106510e-23
 4.90571340e+03 7.54802920e-23
 4.91683290e+03 7.56503190e-23
 4.92797760e+03 7.58207340e-23
 4.93914760e+03 7.59915380e-23
 4.95034290e+03 7.61627310e-23
 4.96156350e+03 7.63343150e-23
 4.97280960e+03 7.65062900e-23
 4.98408120e+03 7.66786570e-23
 4.99537840e+03 7.68514170e-23
 5.00670110e+03 7.70245720e-23
 5.01804950e+03 7.71981210e-23
 5.02942360e+03 7.73720660e-23
 5.04082360e+03 7.75464070e-23
 5.05224930e+03 7.77211460e-23
 5.06370100e+03 7.78962830e-23
 5.07517860e+03 7.80718200e-23
 5.08668220e+03 7.82477570e-23
 5.09821190e+03 7.84240950e-23
 5.10976770e+03 7.86008340e-23
 5.12134970e+03 7.87779770e-23
 5.13295800e+03 7.89555240e-23
 5.14459260e+03 7.91334750e-23
 5.15625350e+03 7.93118320e-23
 5.16794090e+03 7.94905960e-23
 5.17965480e+03 7.96697670e-23
 5.19139530e+03 7.98493470e-23
 5.20316230e+03 8.00293360e-23
 5.21495600e+03 8.02097350e-23
 5.22677650e+03 8.03905450e-23
 5.23862370e+03 8.05717670e-23
 5.25049780e+03 8.07534020e-23
 5.26239880e+03 8.09354520e-23
 5.27432680e+03 8.11179160e-23
 5.28628180e+03 8.13007960e-23
 5.29826390e+03 8.14840920e-23
 5.31027320e+03 8.16678070e-23
 5.32230970e+03 8.18519400e-23
 5.33437350e+03 8.20364930e-23
 5.34646460e+03 8.22214660e-23
 5.35858310e+03 8.24068600e-23
 5.37072910e+03 8.25926770e-23
 5.38290270e+03 8.27789180e-23
 5.39510380e+03 8.29655830e-23
 5.40733260e+03 8.31526730e-23
 5.41958910e+03 8.33401890e-23
 5.43187330e+03 8.35281330e-23
 5.44418550e+03 8.37165040e-23
 5.45652550e+03 8.39053050e-23
 5.46889350e+03 8.40945360e-23
 5.48128950e+03 8.42841980e-23
 5.49371360e+03 8.44742920e-23
 5.50616590e+03 8.46648190e-23
 5.51864650e+03 8.48557800e-23
 5.53115530e+03 8.50471760e-23
 5.54369240e+03 8.52390080e-23
 5.55625800e+03 8.54312770e-23
 5.56885210e+03 8.56239840e-23
 5.58147470e+03 8.58171300e-23
 5.59412590e+03 8.60107160e-23
 5.60680580e+03 8.62047420e-23
 5.61951440e+03 8.63992110e-23
 5.63225180e+03 8.65941220e-23
 5.64501810e+03 8.67894780e-23
 5.65781340e+03 8.69852780e-23
 5.67063760e+03 8.71815240e-23
 5.68349090e+03 8.73782170e-23
 5.69637340e+03 8.75753580e-23
 5.70928500e+03 8.77729480e-23
 5.72222600e+03 8.79709880e-23
 5.73519620e+03 8.81694780e-23
 5.74819590e+03 8.83684210e-23
 5.76122500e+03 8.85678170e-23
 5.77428360e+03 8.87676660e-23
 5.78737190e+03 8.89679710e-23
 5.80048980e+03 8.91687320e-23
 5.81363740e+03 8.93699500e-23
 5.82681490e+03 8.95716250e-23
 5.84002220e+03 8.97737610e-23
 5.85325940e+03 8.99763560e-23
 5.86652670e+03 9.01794120e-23
 5.87982400e+03 9.03829310e-23
 5.89315150e+03 9.05869130e-23
 5.90650910e+03 9.07913600e-23
 5.91989710e+03 9.09962720e-23
 5.93331540e+03 9.12016500e-23
 5.94676410e+03 9.14074960e-23
 5.96024330e+03 9.16138100e-23
 5.97375300e+03 9.18205940e-23
 5.98729340e+03 9.20278490e-23
 6.00086450e+03 9.22355760e-23
 6.01446630e+03 9.24437750e-23
 6.02809890e+03 9.26524480e-23
 6.04176250e+03 9.28615960e-23
 6.05545700e+03 9.30712200e-23
 6.06918260e+03 9.32813210e-23
 6.08293930e+03 9.34919010e-23
 6.09672710e+03 9.37029590e-23
 6.11054620e+03 9.39144980e-23
 6.12439670e+03 9.41265190e-23
 6.13827850e+03 9.43390210e-23
 6.15219180e+03 9.45520080e-23
 6.16613660e+03 9.47654790e-23
 6.18011300e+03 9.49794360e-23
 6.19412110e+03 9.51938800e-23
 6.20816100e+03 9.54088120e-23
 6.22223270e+03 9.56242320e-23
 6.23633630e+03 9.58401430e-23
 6.25047180e+03 9.60565460e-23
 6.26463940e+03 9.62734400e-23
 6.27883910e+03 9.64908290e-23
 6.29307100e+03 9.67087110e-23
 6.30733520e+03 9.69270900e-23
 6.32163170e+03 9.71459650e-23
 6.33596050e+03 9.73653390e-23
 6.35032190e+03 9.75852110e-23
 6.36471580e+03 9.78055840e-23
 6.37914240e+03 9.80264580e-23
 6.39360160e+03 9.82478350e-23
 6.40809360e+03 9.84697150e-23
 6.42261850e+03 9.86921000e-23
 6.43717630e+03 9.89149910e-23
 6.45176710e+03 9.91383890e-23
 6.46639090e+03 9.93622950e-23
 6.48104790e+03 9.95867110e-23
 6.49573820e+03 9.98116370e-23
 6.51046170e+03 1.00037070e-22
 6.52521860e+03 1.00263020e-22
 6.54000890e+03 1.00489490e-22
 6.55483280e+03 1.00716470e-22
 6.56969030e+03 1.00943960e-22
 6.58458140e+03 1.01171980e-22
 6.59950630e+03 1.01400510e-22
 6.61446500e+03 1.01629560e-22
 6.62945770e+03 1.01859130e-22
 6.64448430e+03 1.02089230e-22
 6.65954500e+03 1.02319850e-22
 6.67463980e+03 1.02550990e-22
 6.68976880e+03 1.02782660e-22
 6.70493210e+03 1.03014850e-22
 6.72012980e+03 1.03247580e-22
 6.73536200e+03 1.03480830e-22
 6.75062860e+03 1.03714610e-22
 6.76592990e+03 1.03948930e-22
 6.78126590e+03 1.04183770e-22
 6.79663660e+03 1.04419150e-22
 6.81204210e+03 1.04655070e-22
 6.82748260e+03 1.04891520e-22
 6.84295810e+03 1.05128520e-22
 6.85846860e+03 1.05366040e-22
 6.87401430e+03 1.05604110e-22
 6.88959530e+03 1.05842730e-22
 6.90521150e+03 1.06081880e-22
 6.92086320e+03 1.06321580e-22
 6.93655030e+03 1.06561820e-22
 6.95227300e+03 1.06802610e-22
 6.96803130e+03 1.07043950e-22
 6.98382540e+03 1.07285830e-22
 6.99965520e+03 1.07528270e-22
 7.01552090e+03 1.07771250e-22
 7.03142260e+03 1.08014790e-22
 7.04736040e+03 1.08258880e-22
 7.06333420e+03 1.08503530e-22
 7.07934430e+03 1.08748730e-22
 7.09539060e+03 1.08994490e-22
 7.11147340e+03 1.09240810e-22
 7.12759250e+03 1.09487690e-22
 7.14374820e+03 1.09735130e-22
 7.15994060e+03 1.09983140e-22
 7.17616960e+03 1.10231700e-22
 7.19243540e+03 1.10480840e-22
 7.20873810e+03 1.10730540e-22
 7.22507780e+03 1.10980800e-22
 7.24145440e+03 1.11231640e-22
 7.25786820e+03 1.11483040e-22
 7.27431920e+03 1.11735020e-22
 7.29080750e+03 1.11987570e-22
 7.30733320e+03 1.12240690e-22
 7.32389630e+03 1.12494390e-22
 7.34049700e+03 1.12748670e-22
 7.35713530e+03 1.13003520e-22
 7.37381130e+03 1.13258950e-22
 7.39052510e+03 1.13514970e-22
 7.40727680e+03 1.13771560e-22
 7.42406640e+03 1.14028740e-22
 7.44089410e+03 1.14286500e-22
 7.45776000e+03 1.14544850e-22
 7.47466410e+03 1.14803790e-22
 7.49160650e+03 1.15063310e-22
 7.50858730e+03 1.15323430e-22
 7.52560660e+03 1.15584130e-22
 7.54266440e+03 1.15845430e-22
 7.55976100e+03 1.16107320e-22
 7.57689630e+03 1.16369810e-22
 7.59407040e+03 1.16632890e-22
 7.61128340e+03 1.16896570e-22
 7.62853550e+03 1.17160850e-22
 7.64582670e+03 1.17425740e-22
 7.66315700e+03 1.17691220e-22
 7.68052670e+03 1.17957310e-22
 7.69793570e+03 1.18224000e-22
 7.71538420e+03 1.18491290e-22
 7.73287220e+03 1.18759200e-22
 7.75039990e+03 1.19027710e-22
 7.76796730e+03 1.19296830e-22
 7.78557450e+03 1.19566570e-22
 7.80322160e+03 1.19836920e-22
 7.82090870e+03 1.20107880e-22
 7.83863590e+03 1.20379460e-22
 7.85640330e+03 1.20651650e-22
 7.87421100e+03 1.20924470e-22
 7.89205900e+03 1.21197900e-22
 7.90994750e+03 1.21471950e-22
 7.92787660e+03 1.21746630e-22
 7.94584620e+03 1.22021930e-22
 7.96385660e+03 1.22297860e-22
 7.98190790e+03 1.22574410e-22
 8.00000000e+03 1.22851590e-22
