## luminosity distance (Mpc) redshift mass1 (Msun) mass2 (Msun) RA dec
371.3981 0.0820 1.3272 1.1079 245.0083 10.4993
386.2897 0.0851 1.3245 1.1079 334.5657 64.1920
533.7256 0.1152 1.3168 1.1079 300.2867 -23.8387
319.4071 0.0711 1.3219 1.1079 330.3761 46.0603
528.7890 0.1142 1.3221 1.1079 73.1701 9.2569
406.2898 0.0893 1.1079 1.1341 305.3553 164.7200
338.8856 0.0752 1.3290 1.1079 350.9621 104.5436
546.6867 0.1178 1.3275 1.1079 136.0235 158.5724
511.9579 0.1109 1.3304 1.1079 13.6272 66.6478
387.2298 0.0853 1.3258 1.1079 82.8867 88.8320
449.4256 0.0982 1.1079 1.1467 61.1007 160.9993
474.7467 0.1033 1.3013 1.1079 164.4328 114.0798
318.4400 0.0709 1.3288 1.1079 32.4330 112.1274
270.7809 0.0607 1.3429 1.1079 68.1748 166.2850
410.6040 0.0902 1.2811 1.1079 147.8233 49.1829
451.1581 0.0985 1.3307 1.1079 188.2540 147.1390
218.5023 0.0494 1.3629 1.1079 337.5518 38.3297
269.9124 0.0605 1.3216 1.1043 351.5088 64.8286
536.5272 0.1158 1.1079 1.1397 173.5306 113.4702
546.4439 0.1178 1.3362 1.1079 238.3076 126.5118
467.5273 0.1019 1.3264 1.1079 305.3182 137.5068
423.1379 0.0928 1.3335 1.1079 29.4284 166.6616
498.1496 0.1081 1.3369 1.1079 125.1815 140.4705
229.6054 0.0518 1.3251 1.1079 228.5814 66.9005
420.5277 0.0922 1.3265 1.1079 212.3190 150.0004
524.9108 0.1135 1.3282 1.1079 63.1106 98.7599
278.5679 0.0624 1.3611 1.1079 126.2833 123.0701
538.4108 0.1162 1.2603 1.1079 162.3617 75.7041
502.4457 0.1089 1.3263 1.1079 176.0100 82.9596
490.1268 0.1064 1.3215 1.1079 204.5479 129.5379
310.5483 0.0692 1.3083 1.1079 165.8971 97.9202
502.4420 0.1089 1.3412 1.1079 91.1301 77.3617
507.5538 0.1100 1.3380 1.1079 146.7835 118.9759
374.9988 0.0828 1.3304 1.1079 34.0558 120.0314
409.5461 0.0900 1.3293 1.1079 158.9477 114.6643
517.7413 0.1120 1.3198 1.1079 6.2267 56.4104
546.0847 0.1177 1.3183 1.1079 321.4613 135.0643
290.9801 0.0651 1.2840 1.1079 226.7791 36.9015
221.6970 0.0501 1.3271 1.1079 200.4369 86.0005
303.1028 0.0676 1.2602 1.1079 69.2065 120.4333
408.5488 0.0898 1.3258 1.1079 218.8489 47.0673
342.4318 0.0760 1.3459 1.1079 89.0639 19.5289
212.5476 0.0481 1.3145 1.1079 272.1861 66.0705
386.6062 0.0852 1.3254 1.1079 240.7129 111.8401
539.6429 0.1164 1.2048 1.1079 155.3569 156.0241
452.0266 0.0987 1.2603 1.1079 128.6933 126.1193
473.9717 0.1032 1.3291 1.1079 200.2180 42.0114
417.7303 0.0916 1.3295 1.1079 174.7770 115.8012
526.4266 0.1138 1.3384 1.1079 182.4694 103.8525
397.4399 0.0875 1.3308 1.1079 321.6992 45.7113
498.0265 0.1080 1.3657 1.1079 261.8797 133.9462
552.8580 0.1190 1.3185 1.1079 13.2382 120.3261
511.9200 0.1108 1.3029 1.1079 341.2590 77.0641
325.3329 0.0724 1.3146 1.1079 22.9606 95.7733
536.8223 0.1158 1.3213 1.1079 66.2331 155.5129
501.1484 0.1087 1.3378 1.1079 30.6084 47.3376
202.4398 0.0459 1.3406 1.1079 333.5229 97.1435
476.6917 0.1037 1.3330 1.1079 64.1101 110.7712
161.9063 0.0370 1.3281 1.1079 183.3414 100.2475
365.6052 0.0808 1.3264 1.1079 207.1500 59.0330
473.1027 0.1030 1.3269 1.1079 22.6239 109.6548
423.2163 0.0928 1.3314 1.1079 202.6640 46.5689
450.6305 0.0984 1.3096 1.1079 227.4157 155.2025
231.3761 0.0522 1.3069 1.1079 280.2121 42.6996
557.5321 0.1200 1.2423 1.2882 205.5120 65.4850
508.1175 0.1101 1.3311 1.1079 181.4306 98.7831
520.8019 0.1126 1.2603 1.1079 18.6359 101.7196
326.6052 0.0726 1.3455 1.1079 11.4987 141.4615
527.6611 0.1140 1.2602 1.1079 326.8755 153.1619
348.4782 0.0772 1.3402 1.1079 110.5756 115.7995
353.5247 0.0783 1.3330 1.1079 267.6137 136.4389
499.9248 0.1084 1.3259 1.1079 356.3565 126.7778
165.5098 0.0378 1.3434 1.1079 62.2140 135.2278
524.5185 0.1134 1.3185 1.1079 97.8155 148.8243
528.0046 0.1141 1.3172 1.1079 43.4874 38.1882
493.1941 0.1071 1.3418 1.1079 92.6427 25.6077
429.5804 0.0941 1.1488 1.3953 12.4428 90.9146
342.6509 0.0760 1.3266 1.1079 108.4908 162.0761
445.3845 0.0973 1.3459 1.1079 140.2672 46.1667
485.5999 0.1055 1.3294 1.1079 44.2055 100.6853
452.3613 0.0988 1.2809 1.1079 270.4648 116.0635
454.5626 0.0992 1.3163 1.1079 230.7910 79.9640
426.6552 0.0935 1.3210 1.1079 142.7091 97.8553
319.4940 0.0711 1.3254 1.1079 293.4501 98.0447
215.7862 0.0488 1.3240 1.1079 305.0551 54.1328
534.3930 0.1154 1.2602 1.1079 355.4509 18.8287
549.1458 0.1183 1.3166 1.1079 316.6051 148.8487
427.1533 0.0936 1.2603 1.1079 237.2800 25.6673
311.2230 0.0694 1.2849 1.1079 326.2863 91.5684
474.7660 0.1033 1.3220 1.1079 167.9589 118.7551
131.9913 0.0303 1.3239 1.1079 148.8196 137.3452
435.3459 0.0953 1.3363 1.1079 355.2126 48.8628
325.4727 0.0724 1.3635 1.1079 277.5366 52.9105
500.7494 0.1086 1.3196 1.1079 199.4189 45.3781
425.8408 0.0933 1.3162 1.1079 179.1438 81.8662
426.3556 0.0934 1.1508 1.4271 217.3358 111.7992
531.6390 0.1148 1.1079 1.3465 174.9579 37.6434
457.4530 0.0998 1.3217 1.1011 241.0438 56.3313
460.7928 0.1005 1.3293 1.1079 15.6709 59.7632
503.4859 0.1091 1.3098 1.1079 54.9615 126.7451
437.4494 0.0957 1.3283 1.1079 207.3620 75.7355
340.8777 0.0756 1.3275 1.1079 92.9467 90.5045
494.6339 0.1074 1.3162 1.1079 258.4343 37.8942
319.7021 0.0712 1.3072 1.1079 273.1664 74.4520
535.0816 0.1155 1.2603 1.1079 277.1224 49.3785
464.8436 0.1013 1.2842 1.1079 268.8557 55.5838
275.3876 0.0617 1.3016 1.1079 130.8086 50.4955
440.8949 0.0964 1.3418 1.1079 143.5924 104.1635
430.1958 0.0942 1.3232 1.1079 291.4356 94.2837
431.6986 0.0945 1.2602 1.1079 64.8210 140.4550
275.1593 0.0617 1.3380 1.1079 43.8654 140.7438
511.4253 0.1107 1.3191 1.1079 13.7720 79.9606
517.0800 0.1119 1.1608 1.1079 155.5910 57.4320
389.7926 0.0859 1.2912 1.1079 330.5225 97.0665
191.8164 0.0436 1.2953 1.1079 69.7631 75.1923
379.9508 0.0838 1.3314 1.1079 240.2471 11.2990
466.2057 0.1016 1.2808 1.1079 80.2872 54.1323
510.0983 0.1105 1.3288 1.1079 347.1055 84.7109
325.7730 0.0724 1.3290 1.1079 208.2125 64.4133
534.2894 0.1153 1.3291 1.1079 127.9375 65.8756
483.3894 0.1051 1.2602 1.1079 298.7370 57.7309
274.2702 0.0615 1.3184 1.1079 140.4070 144.0429
447.7170 0.0978 1.3289 1.1079 14.8415 76.7093
330.0663 0.0734 1.1873 1.1079 9.0793 148.0779
490.8599 0.1066 1.3294 1.1079 14.6733 55.7331
520.6582 0.1126 1.3472 1.1079 300.1438 40.7295
245.3450 0.0552 1.1079 1.4729 200.3795 90.9295
378.4628 0.0835 1.1079 1.4607 280.7348 34.6251
522.2196 0.1129 1.3010 1.1079 352.9542 105.8942
547.0188 0.1179 1.3432 1.1079 231.0390 42.2860
457.8653 0.0999 1.3139 1.1079 121.8117 149.5286
521.1876 0.1127 1.3298 1.1079 306.8712 109.8614
221.9017 0.0502 1.2949 1.1079 207.8490 173.3824
443.8947 0.0970 1.3205 1.1079 210.9394 76.2422
507.5391 0.1100 1.3335 1.1079 232.0619 97.8602
360.3946 0.0797 1.3294 1.1079 227.1147 62.1478
370.0999 0.0818 1.3412 1.1079 237.9355 116.7982
391.2210 0.0862 1.3249 1.1079 247.4668 103.6062
447.1097 0.0977 1.3717 1.1079 228.8376 137.7197
546.0673 0.1177 1.3144 1.1079 283.1357 114.9075
372.3576 0.0822 1.3194 1.1079 214.6775 112.8355
467.8397 0.1019 1.3232 1.1079 110.2804 71.9575
442.6521 0.0968 1.3318 1.1079 241.4234 80.2501
337.8607 0.0750 1.3286 1.1079 148.1483 119.8881
437.2978 0.0957 1.3281 1.1079 288.3238 84.6646
407.9925 0.0896 1.3191 1.1079 313.0244 61.4651
173.0330 0.0394 1.3431 1.1079 158.9150 70.5188
499.8724 0.1084 1.2603 1.1079 352.0370 92.0701
